#26 4
0.90512 0.196853 -0.0140462 0.194118 
0.92463 0.108564 -0.00864044 0.0894185 
0.879551 0.340577 -0.0251221 0.233029 
0.928257 0.0882474 0.000383798 -0.00417878 
0.918941 0.128412 0.00734339 -0.101494 
0.344309 0.449381 0.0037643 -0.00331612 
0.158037 0.535948 0.00376048 0.00229994 
0.270237 0.432522 0.00249349 -0.00118512 
0.104757 0.674766 0.00311639 0.0143645 
0.891052 0.238687 0.0225849 -0.19583 
0.129677 0.748128 0.0104511 0.0123562 
0.683191 0.635714 0.0569081 -0.212424 
0.216748 0.825186 0.00384518 0.00573585 
0.827924 0.502025 -0.0480263 0.235092 
0.567821 0.663719 0.0318231 -0.0912449 
0.754755 0.626334 -0.0592977 0.168624 
0.357477 0.873303 -0.00739552 0.000609858 
0.84374 0.38999 0.0415365 -0.26641 
0.769847 0.550757 0.0710188 -0.277518 
0.653368 0.741188 -0.0637297 0.0873036 
0.510476 0.837221 -0.0351432 0.0075903 
0.621864 0.664382 -0.0306714 0.0560227 
0.397429 0.499365 0.00317881 -0.00287631 
0.549499 0.735704 -0.0315267 0.00967756 
0.499264 0.62202 0.00257904 -0.0214834 
0.55884 0.712867 0.0198766 -0.0760003 
