#49 4
0.123658 0.490686 -0.00822262 -0.00369942 
0.120618 0.499911 0.0092139 0.0317882 
0.190033 0.832137 0.0799249 0.0707249 
0.425137 0.880776 0.330619 -0.99178 
0.460662 0.842698 -0.0414927 0.00493649 
0.607013 0.728287 -0.0695065 0.0441237 
0.273245 0.760286 -0.0781164 -0.037177 
0.777784 0.76225 0.0411959 0.00601325 
0.55945 0.387849 0.050921 0.0489539 
0.559446 0.387849 0.0509196 0.0489216 
0.146025 0.544412 -0.0223218 -0.042874 
0.147649 0.707354 0.0539231 0.0991533 
0.576304 0.115729 0.00627176 0.00475095 
0.777806 0.762315 0.0411448 0.00603149 
0.221133 0.702735 -0.0695903 -0.0475805 
0.179131 0.641622 -0.0451247 -0.0488954 
0.475654 0.290451 0.055551 0.0163209 
0.836804 0.482318 -0.0271322 -0.00136636 
0.221369 0.894354 0.0880181 0.0572028 
0.86126 0.663679 0.0232228 -0.0706783 
0.634084 0.546424 0.117217 0.115953 
0.475643 0.290479 0.055551 0.016321 
0.560379 0.119087 0.0282349 -0.0355749 
0.547573 0.780218 -0.0574687 0.0377374 
0.560988 0.230065 -0.109342 0.355254 
0.579583 0.0994814 0.00257307 0.0161588 
0.861273 0.663618 0.0231679 -0.0706524 
0.835055 0.482931 -0.0281883 -0.00216239 
0.678493 0.669697 -0.0860825 0.0499359 
0.388085 0.797434 -0.0955031 -0.182457 
0.426009 0.88001 0.32925 -0.992417 
0.561387 0.226468 -0.110152 0.354667 
0.313381 0.966233 0.0827833 -0.0108419 
0.4981 0.824115 -0.0383146 0.0307292 
0.378077 0.750086 -0.0556364 -0.277019 
0.634085 0.546449 0.117189 0.115908 
0.382653 0.34553 0.0509357 -0.0597493 
0.122307 0.564365 0.0315709 0.0721462 
0.51543 0.533219 -0.0645152 0.195457 
0.360417 0.830218 -0.0707107 -0.0405153 
0.802367 0.51612 -0.0515997 0.0305576 
0.32438 0.97921 0.094811 -0.00761792 
0.413748 0.856144 -0.0579375 -0.0109404 
0.382654 0.345527 0.0509356 -0.0597494 
0.746832 0.581072 -0.0728069 0.0473756 
0.361562 0.696976 -0.00547425 -0.370255 
0.515431 0.533094 -0.0645101 0.195446 
0.438787 0.854668 -0.108479 -0.0240401 
0.455517 0.846727 -0.163607 -0.00673313 
