# 101 4
0.122486 0.179525 -0.0788386 -0.0398378 
0.989814 0.959587 -0.0443891 -0.000376671 
0.743009 0.750847 -0.129787 0.930858 
0.839498 0.722661 -0.36516 -0.5 
0.16168 0.0405755 -0.339677 -0.00162803 
0.547272 0.721134 -0.326934 0.396524 
0.984178 0.977149 -0.0522938 -0.492667 
0.633452 0.743363 -0.307582 -0.497333 
0.9301 0.965331 -0.298478 -0.50452 
0.0990845 0.0823162 -0.175875 0.476009 
0.990109 0.953102 -0.0404669 0.483623 
0.0520897 0.176457 -0.224079 0 
0.822429 0.694413 -0.386703 -0.5 
0.00864665 0.281462 -0.0157642 0 
0.265476 0.137405 -0.29324 -0.486137 
0.742933 0.670897 -0.239754 0.510579 
0.336067 0.445914 -0.187308 -0.993813 
0.427099 0.726022 -0.410284 -0.000742159 
0.733754 0.686549 -0.235489 0 
0.214727 0.0375279 -0.414218 0 
0.0728069 0.141935 -0.22464 0.452613 
0.953474 0.939482 -0.139128 0.5 
0.192441 0.0170106 -0.374765 0 
0.866664 0.782721 -0.377171 -0.5 
0.926981 0.962467 -0.317582 -0.5 
0.981008 0.988393 -0.102083 -0.5 
0.883573 0.82424 -0.362253 -0.5 
0.989107 0.956582 -0.043094 0 
0.754796 0.636353 -0.302449 0 
0.992058 0.945669 -0.0360935 0.5 
0.105399 0.0909523 -0.227934 0 
0.1469 0.0176123 -0.376771 0.5 
0.0369551 0.141673 -0.145479 0.895882 
0.980413 0.977529 -0.102375 0 
0.716998 0.720884 -0.268099 0.5 
0.286022 0.153039 -0.250975 -0.481964 
0.380417 0.560529 -0.179957 -0.5 
0.806586 0.695809 -0.343329 -0.5 
0.645333 0.751559 -0.29251 -0.5 
0.558237 0.663253 -0.334032 0.5 
0.596289 0.687426 -0.374686 0 
0.665495 0.78535 -0.284085 0 
0.784078 0.628995 -0.33238 0 
0.143835 0.0344901 -0.321036 0 
0.638518 0.737818 -0.310097 0 
0.315706 0.289822 -0.236936 -1 
0.363648 0.65236 -0.326866 -1 
0.629128 0.723915 -0.393133 -0.5 
0.221457 0.0380073 -0.310955 0 
0.085242 0.102562 -0.176209 0.502746 
0.725148 0.704145 -0.25406 0.5 
0.975903 0.984748 -0.114001 0 
0.349604 0.578848 -0.254233 -1 
0.0988738 0.17159 -0.120468 -0.5 
0.959949 0.96202 -0.157962 0.5 
0.339358 0.506091 -0.199992 -1 
0.0342832 0.182659 -0.134899 0 
0.58551 0.679973 -0.0827108 0 
0.477108 0.691215 -0.436751 0.5 
0.00699955 0.310879 -0.0814101 0.5 
0.279373 0.163391 -0.228352 -0.5 
0.394041 0.694753 -0.238924 0 
0.14578 0.0156748 -0.344722 0.5 
0.00657028 0.310382 -0.010417 0 
0.0145561 0.250327 -0.0825359 0.5 
0.46152 0.708464 -0.49229 0 
0.53288 0.681973 -0.427431 0 
0.954097 0.976031 -0.209589 0 
0.309242 0.243504 -0.251043 -1 
0.372511 0.695801 -0.361487 -1 
0.235407 0.0566566 -0.388974 -0.5 
0.0770697 0.124748 -0.189494 0.5 
0.239824 0.0504009 -0.4 -0.5 
0.0218995 0.182221 -0.0833556 0 
0.593519 0.677127 -0.427967 -0.5 
0.785032 0.627718 -0.344887 0 
0.66221 0.761898 -0.392614 -0.5 
0.00810342 0.285569 -0.0800905 0.5 
0.588116 0.693895 -0.32486 -0.5 
0.405697 0.718839 -0.365405 0 
0.914321 0.932379 -0.26667 -0.917 
0.506477 0.667339 -0.374212 0.5 
0.505875 0.653281 -0.0342662 0 
0.520982 0.657846 -0.909256 0.5 
0.218446 0.02703 -0.422964 0 
0.325471 0.372854 -0.186084 -1 
0.01793 0.16216 -0.13333 1 
0.395615 0.6309 -0.167662 -0.5 
0.0741135 0.19383 -0.0895571 -0.5 
0.993998 0.961908 -0.0218721 -0.5 
0.90837 0.91892 -0.26667 -1 
0.53386 0.64865 -1 0.5 
0.87948 0.813256 -0.374543 -0.5 
0.71514 0.72973 -0.13333 1 
0.484501 0.705244 -0.561873 0 
0.0553253 0.178204 -0.224847 0 
0.115778 0.0672873 -0.229905 0 
0.240121 0.0500573 -0.299417 0 
0.952455 0.974587 -0.215107 0 
0.836486 0.707655 -0.442226 -0.5 
0.0692248 0.150336 -0.252085 0.5 
