# 39 4
0.0354275 0.215733 -0.134817 -0.000414394 
0.171539 0.0473061 -0.323618 -0.000195738 
0.790098 0.775394 -0.349359 -0.499219 
0.224075 0.122487 -0.27562 -0.487991 
0.33711 0.460163 -0.251401 -1 
0.171604 0.0472568 -0.32339 0.000535136 
0.378539 0.584018 -0.253789 -0.957811 
0.0578591 0.179561 -0.166214 0.498981 
0.90979 0.874502 -0.254321 -0.499924 
0.676625 0.69538 -0.332669 -9.67645e-05 
0.323805 0.379478 -0.216248 -0.982772 
0.648658 0.68711 -0.300855 0.496632 
0.977966 0.964652 -0.0953208 0.00271501 
0.927781 0.903959 -0.108799 0.498262 
0.579786 0.669952 -0.498738 0.5 
0.650888 0.687557 -0.278834 0.537678 
0.106538 0.186513 -0.175592 0.752346 
0.488141 0.689023 -0.403582 0.00058092 
0.978512 0.964616 -0.0956872 0.00539168 
0.721572 0.727037 -0.357106 -0.500734 
0.855373 0.902415 -0.243313 -0.805793 
0.0353282 0.215923 -0.134728 0 
0.22965 0.122346 -0.278937 -0.478997 
0.538492 0.702563 -0.417919 0 
0.0447112 0.202378 -0.118387 0.503116 
0.51058 0.664918 -0.732882 0.5 
0.680611 0.6793 -0.277197 0 
0.931556 0.914816 -0.243223 -0.504094 
0.0141736 0.20973 -0.11199 0.803806 
0.721461 0.711413 -0.185905 0.781302 
0.927243 0.910027 -0.107561 0.476114 
0.102381 0.0824981 -0.237742 0.5 
0.935716 0.942654 -0.199663 -0.811875 
0.602425 0.707465 -0.300649 -0.511954 
0.483957 0.711481 -0.353815 0 
0.72016 0.713637 -0.180699 0.804475 
0.651793 0.691604 -0.211004 0 
0.553253 0.690745 -0.286599 -0.5 
0.156388 0.1433 -0.205937 -0.5 
