#73 4
0.852992 0.498608 -0.0363787 -0.000226088 
0.860552 0.452482 -0.0521026 -0.00310321 
0.765183 0.634181 0.00622313 0.0261303 
0.87941 0.760255 0.0310068 -0.0207804 
0.860396 0.452394 -0.0521591 -0.0030929 
0.0725523 0.489205 0.0267215 0.00405602 
0.526899 0.389326 0.0680014 -0.0107163 
0.369421 0.88192 0.0222924 -0.0314905 
0.272495 0.791516 0.0446088 0.0153381 
0.665922 0.635533 -0.00735229 0.047904 
0.324058 0.896633 0.0635948 0.00570441 
0.799807 0.578516 -0.00296968 0.0160074 
0.881544 0.774574 0.0320081 -0.0217784 
0.0712019 0.488487 0.0193982 0.00393109 
0.594391 0.0895684 -0.00521325 0.022799 
0.826556 0.65139 0.0126265 -0.00139039 
0.88156 0.774782 0.0318798 -0.0223531 
0.0711712 0.488529 0.0193065 0.00406207 
0.687875 0.573234 0.00122581 0.0559068 
0.303857 0.719084 0.0534447 0.0142872 
0.536792 0.76437 -0.0384059 0.0210086 
0.681468 0.472959 -0.00859917 0.0672401 
0.592984 0.113566 -0.002494 0.00569694 
0.493402 0.389548 0.0659367 -0.0305181 
0.465562 0.803991 -0.0276918 -0.00172629 
0.205162 0.729895 -0.0366109 -0.0244854 
0.536819 0.791901 -0.050836 0.0208169 
0.594348 0.0946064 0.00407976 -0.00898063 
0.209335 0.719728 0.0129166 0.00256651 
0.479887 0.830786 -0.0435243 0.000424989 
0.539851 0.369638 0.0612149 -0.0131923 
0.59265 0.675819 -0.032546 0.0371789 
0.444808 0.422602 0.0618061 -0.0514952 
0.558129 0.737828 -0.0398032 0.0292285 
0.423531 0.852429 -0.0327959 -0.0185436 
0.821717 0.462643 -0.0459955 0.0100921 
0.613547 0.590235 -0.000820064 0.0429477 
0.503969 0.816699 -0.0517593 0.00893312 
0.0866119 0.507135 0.0160884 0.00260173 
0.590306 0.146352 -0.000458558 -0.00926886 
0.516615 0.713468 -0.0174841 0.0125071 
0.422484 0.728473 0.0208795 -0.0109695 
0.380543 0.854608 -0.0354447 -0.0276696 
0.132811 0.618843 -0.0104948 -0.0137896 
0.627507 0.492407 0.0206365 0.0559908 
0.165932 0.681995 -0.0207732 -0.0199139 
0.4121 0.844058 -0.0311858 -0.0241873 
0.37295 0.819545 -0.0639762 -0.0229328 
0.405159 0.678076 0.0419583 -0.0386529 
0.574517 0.246196 0.00656316 0.00240253 
0.125669 0.575977 0.0056955 -0.0114645 
0.593703 0.0882426 -0.0012675 0.00272238 
0.301482 0.793288 -0.0550161 -0.0176573 
0.393898 0.779337 -0.0244379 -0.040373 
0.442986 0.579383 0.0336035 -0.0435611 
0.579614 0.415552 0.053267 0.0326802 
0.228651 0.688708 0.0748796 0.0339944 
0.340441 0.805962 -0.13607 -0.0208436 
0.586509 0.189015 -0.0062051 0.0131149 
0.419229 0.745645 0.0487159 -0.14623 
0.143725 0.636244 0.00163655 -0.00560683 
0.354867 0.813808 -0.265214 -0.0275451 
0.655186 0.401679 -0.0144666 0.0545395 
0.422096 0.468531 0.0590153 -0.056658 
0.431092 0.774882 0.125244 -0.456701 
0.597607 0.276045 -0.0316575 0.102696 
0.38178 0.812764 -0.437757 -0.0479029 
0.317469 0.547082 0.0486493 -0.027331 
0.15496 0.540959 0.143282 0.0534984 
0.576978 0.217727 -0.0590983 0.372176 
0.433325 0.813134 -0.643331 -0.110724 
0.429881 0.817994 0.200504 -0.671708 
0.188749 0.575702 0.438667 0.148569 
