#42 4
0.0113195 0.433281 0.0113407 -0.010813 
0.0223169 0.477803 -0.0429617 -0.152274 
0.856857 0.879805 0.0601489 0.275301 
0.958028 0.465826 -0.0495693 -0.16919 
0.0654174 0.586113 -0.156112 -0.230436 
0.221898 0.818451 0.441592 0.280044 
0.133113 0.671901 -0.283249 -0.201359 
0.871493 0.48163 -0.24792 0.117266 
0.2627 0.728106 -0.401994 -0.0844074 
0.889215 0.0541943 0.00975073 -0.0861913 
0.880373 0.0485535 0.0144333 -0.0717074 
0.880907 0.098692 -0.0044378 0.189212 
0.955716 0.577642 0.014408 -0.268634 
0.0545374 0.557931 0.196309 0.362937 
0.864619 0.942659 0.0863547 0.0799836 
0.0165581 0.438351 0.0565436 0.155583 
0.930297 0.455614 -0.195195 0.0306521 
0.895974 0.830817 0.135586 -0.283729 
0.436461 0.928121 0.526972 -0.052863 
0.84205 0.376776 0.139004 -0.748361 
0.843796 0.884417 0.223174 -0.396996 
0.930085 0.686825 0.0817968 -0.302833 
0.10103 0.654693 0.412166 0.470675 
0.833695 0.823725 0.229872 -0.477383 
0.880406 0.0942969 -0.0100567 0.210712 
0.859094 0.720089 0.00835342 0.440028 
0.423719 0.725865 -0.482366 0.0617353 
0.127147 0.679443 0.27428 0.303982 
0.196882 0.79897 0.558006 0.439155 
0.541248 0.944906 0.551081 -0.162476 
0.846168 0.376903 0.139439 -0.748277 
0.805403 0.523079 -0.367316 0.215474 
0.86307 0.569752 -0.0147581 0.586321 
0.772569 0.743051 0.379924 -0.727599 
0.502982 0.950598 0.771344 -0.149807 
0.868938 0.511865 -0.0562323 0.687217 
0.533946 0.693893 -0.499953 0.146289 
0.755444 0.710443 0.407655 -0.775299 
0.41384 0.958523 0.885463 0.0388671 
0.866975 0.489129 -0.0868405 0.825236 
0.667608 0.62747 -0.467352 0.219735 
0.178083 0.792438 0.73541 0.585339 
