#49 4
0.0683301 0.38639 0.0123584 0.0   
0.0661663 0.386989 0.00334589 -0.00813264 
0.859215 0.675699 -0.033228 0.0369918 
0.865739 0.1778 -0.00932621 0.146128 
0.869149 0.115625 0.00397614 -0.0396909 
0.748147 0.875209 0.0562253 -0.039969 
0.866302 0.103968 0.000111661 -0.0029571 
0.0706733 0.618083 -0.0513035 -0.145286 
0.79614 0.620246 -0.0720665 0.0813346 
0.0586962 0.460875 0.00121804 -0.104583 
0.869349 0.0887361 0.00393203 -0.0350589 
0.854398 0.314663 -0.00894109 0.144824 
0.667108 0.654153 -0.123057 0.0552732 
0.169618 0.734545 -0.0317728 -0.022611 
0.850878 0.431536 -0.0241407 0.231267 
0.860326 0.355997 -0.0162257 0.32802 
0.11627 0.679641 -0.0756257 -0.142738 
0.857627 0.524034 -0.0492686 0.0192553 
0.832176 0.554529 -0.0562853 0.107269 
0.857259 0.191826 -0.0191656 0.263614 
0.271011 0.774731 -0.0137901 0.013603 
0.862374 0.789313 0.0113359 0.00531733 
0.546015 0.907253 0.14792 -0.031653 
0.813842 0.852546 0.0335796 -0.031077 
0.830889 0.594914 -0.0590143 0.0728286 
0.866624 0.401724 -0.024115 -0.0294684 
0.724391 0.644462 -0.101897 0.0761395 
0.349194 0.846481 0.145833 0.0284773 
0.446963 0.901424 0.264953 0.00850374 
0.879878 0.532653 -0.0448008 -0.0153724 
0.481837 0.735498 -0.148492 0.0345913 
0.227451 0.777107 0.046335 0.0429193 
0.893675 0.642662 -0.013292 -0.0444639 
0.571557 0.708268 -0.15238 0.0441666 
0.268171 0.839957 0.256286 0.0757767 
0.850715 0.826561 0.0255433 -0.0118556 
0.517001 0.735474 -0.229315 0.0463661 
0.0944307 0.463454 0.0415624 0.128792 
0.897891 0.636081 0.0154628 -0.140658 
0.489702 0.737114 -0.46376 0.0334677 
0.320048 0.902751 0.337341 0.0620895 
0.898802 0.707247 0.00560358 -0.054394 
0.0636594 0.474842 0.15052 0.502696 
0.470367 0.730334 -0.648277 -0.0409402 
0.859265 0.808722 0.0188855 -0.0168111 
0.855599 0.503443 0.0415016 -0.224304 
0.827414 0.63857 0.123313 -0.451526 
0.432386 0.745518 -0.761078 -0.190462 
0.777058 0.690501 0.204091 -0.605825 
