#19 4
0.15871 0.793181 -0.148848 -0.0917371 
0.845424 0.600616 -0.205838 0.333377 
0.184214 0.782085 0.212661 0.115179 
0.953461 0.144217 0.025291 -0.0271789 
0.0939795 0.748737 -0.0518376 -0.0343395 
0.93252 0.219303 0.0681004 -0.240598 
0.31521 0.858424 -0.294148 -0.0622557 
0.758388 0.597587 0.298134 -0.449624 
0.95958 0.170208 -0.0172209 0.13963 
0.515105 0.858844 -0.355285 0.0736877 
0.863471 0.408345 0.182243 -0.418177 
0.113296 0.753054 0.079547 0.0576286 
0.341235 0.838164 0.378662 -0.0165934 
0.694374 0.775304 -0.307822 0.215061 
0.942344 0.285328 -0.0387249 0.290054 
0.572556 0.792151 0.426654 -0.289158 
0.922128 0.430913 -0.102908 0.357338 
0.922711 0.423951 -0.0948974 0.387202 
0.46867 0.898794 0.556277 -0.191789 
