#20 4
0.0515916 0.533364 -0.0959937 -0.0306094 
0.165709 0.614912 -0.24452 -0.113524 
0.902438 0.193134 -0.0369813 0.0633155 
0.879483 0.227298 -0.0999561 0.0919622 
0.912402 0.384908 0.042945 -0.328017 
0.35407 0.685884 -0.405432 -0.0204504 
0.907615 0.205537 -0.0261672 0.0381266 
0.920637 0.534534 0.0761414 -0.410628 
0.795296 0.483053 -0.256744 0.201749 
0.0363401 0.523556 0.10156 0.0680829 
0.622439 0.635197 -0.386825 0.130736 
0.887415 0.646613 0.135025 -0.472955 
0.302111 0.80676 0.476026 0.205127 
0.800071 0.608717 -0.214943 0.357796 
0.765026 0.845388 0.326604 -0.373804 
0.112846 0.616458 0.291087 0.275768 
0.856725 0.755271 0.188568 -0.455136 
0.571449 0.903222 0.458423 -0.0852344 
0.848123 0.67407 -0.089614 0.548755 
0.74868 0.882759 0.350909 -0.35958 
