#28 4 [ 22.;154.;  0.;  0.][276.;318.; 22.; 26.]
0.0987558 0.724591 0.0551681 0.0775958 
0.112564 0.750355 0.14761 0.166871 
0.916928 0.283 0.0960766 -0.351368 
0.880896 0.404584 0.189253 -0.486475 
0.100375 0.749297 -0.0656076 -0.0931961 
0.56487 0.8315 0.455883 -0.308096 
0.178472 0.808084 0.262707 0.185509 
0.207687 0.855588 -0.276749 -0.149712 
0.951305 0.162042 0.0289444 -0.183073 
0.0806832 0.721044 -0.00582856 -0.0211391 
0.29036 0.863004 0.355817 0.105162 
0.805434 0.554906 0.307168 -0.543786 
0.693073 0.719383 0.403613 -0.487541 
0.125414 0.796839 -0.16984 -0.152716 
0.325525 0.894019 -0.351309 -0.0757695 
0.441332 0.87682 0.438759 -0.0951288 
0.959106 0.106575 0.00930385 -0.0656206 
0.482578 0.900443 -0.375148 0.033812 
0.959362 0.105169 0.00338065 0.0743749 
0.589987 0.873683 -0.381972 0.135472 
0.708188 0.803741 -0.330719 0.232612 
0.960614 0.156189 -0.00669808 0.206636 
0.81533 0.701871 -0.269827 0.322647 
0.952742 0.232797 -0.0112066 0.278206 
0.941887 0.351705 -0.0596497 0.350532 
0.87324 0.590323 -0.190618 0.373042 
0.919301 0.466366 -0.103062 0.371589 
0.919362 0.466219 -0.103114 0.371426 
