#116 4
0.323399 0.519976 -0.00634925 0.0138246 
0.937464 0.71332 -0.0285889 -0.0475809 
0.906722 0.293708 -0.0019824 0.0125325 
0.903419 0.655833 -0.0494467 -0.0053005 
0.807423 0.708884 -0.131054 0.0624646 
0.895902 0.802998 -0.00803994 0.075601 
0.769146 0.744959 -0.120507 0.0564478 
0.895983 0.517254 -0.00160018 0.161766 
0.369538 0.792799 -0.102945 -0.0717292 
0.31405 0.530644 0.0145186 -0.0220858 
0.89176 0.87509 0.0170835 0.00741746 
0.935648 0.743898 -0.011357 -0.0576527 
0.882001 0.860194 0.00420198 0.0405515 
0.668493 0.796471 -0.110882 0.0251298 
0.926739 0.677706 -0.0407907 -0.0213087 
0.463664 0.852943 0.0753518 0.0401298 
0.898874 0.828502 0.0519829 -0.13654 
0.719961 0.877111 0.0347279 -0.0216473 
0.554865 0.885687 0.0796902 0.023641 
0.91597 0.815182 0.0200729 -0.0638697 
0.920727 0.732733 -0.0214535 0.0187801 
0.876273 0.646898 -0.0634813 0.0182857 
0.841068 0.676399 -0.108285 0.0505761 
0.530152 0.921391 0.158465 0.044043 
0.31475 0.530435 -0.0153794 0.03162 
0.859215 0.658462 -0.0876414 0.0388204 
0.29697 0.575227 0.0199997 -0.0595172 
0.488955 0.933239 0.252778 0.0822015 
0.607243 0.812804 -0.169663 0.0196742 
0.547649 0.835155 -0.504907 -0.0367341 
0.699739 0.778736 -0.0988945 0.0323164 
0.558539 0.958836 0.21154 0.0223787 
0.322604 0.748249 -0.0883407 -0.156151 
0.304678 0.559925 0.127595 0.675082 
0.894652 0.871406 0.0254824 -0.0289702 
0.894828 0.420812 -0.000253695 0.101687 
0.431093 0.812571 -0.106689 -0.0352425 
0.713061 0.799514 -0.0708867 0.0263547 
0.902682 0.315662 -0.00415017 0.0532289 
0.314094 0.538985 0.21034 0.860691 
0.903809 0.308899 0.00192582 -0.0251688 
0.899707 0.362148 -0.00571157 0.126876 
0.895606 0.356235 0.013158 -0.0676158 
0.628479 0.798073 -0.764901 0.0694355 
0.893602 0.616873 -0.00484354 0.228216 
0.503167 0.941347 0.729587 0.0638769 
0.757575 0.92108 0.078099 -0.0440682 
0.369594 0.831861 0.144787 0.11216 
0.882315 0.565956 0.0821681 -0.55302 
0.897911 0.401834 -0.00864677 0.161543 
0.934208 0.757176 0.00495154 -0.0829051 
0.42237 0.810733 -0.12475 -0.0460861 
0.776618 0.933625 0.404736 -0.911766 
0.89606 0.619435 -0.00433573 0.170068 
0.0375295 0.0588943 0.00121076 -0.000300609 
0.888286 0.396471 0.0172173 -0.129552 
0.434411 0.892496 0.444748 0.189874 
0.674234 0.908435 0.0670059 -0.016435 
0.298536 0.559311 0.148774 0.678361 
0.303409 0.714186 -0.0113782 -0.349108 
0.601099 0.797571 -0.983563 -0.612875 
0.891289 0.45297 0.0292541 -0.239258 
0.46419 0.923726 0.355065 0.127379 
0.907464 0.294962 -0.000703148 -0.0036044 
0.415851 0.829345 0.104996 0.0805933 
0.792856 0.909957 0.363105 -1 
0.739073 0.762338 -0.215407 0.0812786 
0.296578 0.636652 -0.00498616 -0.0721179 
0.783448 0.734732 -0.141512 0.063971 
0 0 0 0 
0.497738 0.822443 -0.14847 -0.0213796 
0.60366 0.79612 -1 -0.69444 
0.916445 0.788234 0.0371622 -0.146507 
0.545975 0.834606 -0.504307 -0.0357004 
0.321925 0.520355 0.00587416 0.00160151 
0.892542 0.686385 -0.00717876 0.241796 
0.890294 0.584291 -0.0252942 0.411316 
0.627271 0.798786 -0.765056 0.0700036 
0.667146 0.965687 0.224187 -0.0591094 
0.309456 0.545951 0.019796 -0.0320822 
0.306553 0.71152 -0.0344073 -0.100164 
0.890529 0.746415 -0.011173 0.130076 
0.854193 0.791545 0.109696 -0.409515 
0.83172 0.880013 0.185805 -0.403541 
0.798872 0.901575 0.344419 -1 
0.885632 0.492304 0.0422224 -0.335896 
0.315148 0.539652 -0.0171132 0.0439803 
0.899716 0.427239 -0.0472364 0.500837 
0.333979 0.754484 -0.0745564 -0.0770064 
0.676158 0.793396 -0.236547 0.0658599 
0.635374 0.975631 0.36913 -0.0892854 
0.444252 0.902628 0.42267 0.174108 
0.505192 0.941164 0.742617 0.0618757 
0.301627 0.703952 0.014871 -0.391378 
0.885279 0.65729 -0.00798505 0.316391 
0.884398 0.867287 0.0475454 -0.0699891 
0.354439 0.805915 0.136337 0.137078 
0.6241 0.978578 0.45366 -0.139471 
0.312233 0.539928 0.20996 0.861147 
0.899985 0.359835 -0.00534149 0.16434 
0.90049 0.540542 0.053808 -0.475822 
0.827903 0.886795 0.206809 -0.416284 
0.341923 0.772755 -0.0911571 -0.0929285 
0.746039 0.688996 -0.49786 0.31362 
0.756454 0.663857 -0.562897 0.380416 
0.828827 0.894051 0.210588 -0.41723 
0.850155 0.763156 0.0860066 -0.381761 
0.304772 0.608773 0.017944 0.0908987 
0.41568 0.885283 0.489965 0.237678 
0.898872 0.411803 -0.0446443 0.505447 
0.331593 0.745195 0.120932 0.150691 
0.345067 0.776686 -0.11762 -0.128638 
0.480891 0.928197 0.836474 0.0166398 
0.609355 0.972674 0.508652 -0.186494 
0.341296 0.799356 -0.173351 -0.198859 
0.740017 0.783727 -0.327989 0.0923925 
