119 4
0.802824 0.434488 -0.0745398 0.0321713 
0.832313 0.404499 -0.0666671 0.018977 
0.90972 0.668588 0.00150127 -0.0727533 
0.904775 0.766818 0.0260566 -0.0418472 
0.425347 0.891392 -0.00462963 -0.0186239 
0.915085 0.805814 0.0325226 -0.0200123 
0.915736 0.587525 -0.00960803 -0.0719991 
0.913311 0.487045 -0.0308554 -0.0450795 
0.882543 0.740868 0.0250747 -0.0407975 
0.490726 0.823451 -0.0644221 0.010302 
0.763977 0.4925 -0.0730973 0.0477854 
0.491121 0.723728 0.0246262 0.0110248 
0.897298 0.435196 -0.0433447 -0.0176977 
0.853782 0.411174 -0.0577375 0.00691162 
0.400344 0.462028 0.0577692 -0.0441079 
0.0627041 0.456451 0.0250803 0.00839972 
0.600683 0.691231 -0.0763258 0.0596555 
0.593199 0.0649384 -0.00129727 0.00442935 
0.257084 0.865991 0.0797803 0.0385262 
0.0305587 0.479745 0.028321 0.000397963 
0.592962 0.135799 -0.00988346 0.0177996 
0.893652 0.799442 0.0348217 -0.0134484 
0.745342 0.652429 0.000459444 0.0464466 
0.305283 0.770944 -0.0679831 -0.0507722 
0.529485 0.77997 0.0224703 0.00349923 
0.593693 0.109893 -0.00298762 0.00391963 
0.0926362 0.515071 0.00976405 0.00449735 
0.745299 0.601246 -0.0395123 0.0450697 
0.773956 0.696913 0.0437663 0.035019 
0.515224 0.359907 0.0615153 0.000397597 
0.118184 0.695755 -0.0566078 -0.0483659 
0.682102 0.647019 -0.0690727 0.0542351 
0.299653 0.914961 0.0833211 0.014412 
0.627221 0.476325 0.0850063 0.0589644 
0.0249897 0.556254 -0.00636237 -0.0326292 
0.837253 0.774668 0.0374456 0.000169915 
0.543075 0.802099 -0.0518793 0.0200649 
0.607864 0.506276 -0.0718231 0.105634 
0.491314 0.3758 0.0683151 -4.35093e-05 
0.0652503 0.588088 -0.0175742 -0.0391874 
0.569772 0.707291 -0.0551343 0.0521832 
0.805209 0.7467 0.0494319 0.0249953 
0.593231 0.0489264 -0.000616045 0.00415581 
0.330969 0.715453 0.0745893 0.014577 
0.735366 0.622238 0.0422681 0.0518496 
0.426626 0.766365 -0.0119754 -0.0212049 
0.167553 0.712563 -0.0602535 -0.0451453 
0.541783 0.41193 0.0332209 -0.121764 
0.519019 0.805424 -0.0169874 0.0106551 
0.14858 0.572465 0.0211105 0.020925 
0.355014 0.936173 0.0777956 -0.0116207 
0.561297 0.693633 0.00805769 0.00725637 
0.679773 0.549264 0.0761007 0.0554529 
0.217666 0.729371 -0.0611657 -0.0417527 
0.587582 0.190213 0.0114528 -0.0433704 
0.110524 0.648447 -0.0386998 -0.0412319 
0.447624 0.425189 0.0555506 -0.0663142 
0.545378 0.78849 -0.091771 0.0278519 
0.434536 0.42015 0.0653082 -0.0282284 
0.118597 0.542309 0.0164874 0.00914408 
0.400978 0.547299 0.0323756 -0.0843464 
0.384984 0.936241 0.0409527 -0.0232111 
0.59327 0.0488518 -0.000706176 0.00460816 
0.397233 0.733186 0.028726 -0.000912747 
0.596912 0.469719 0.0306408 0.0788768 
0.18949 0.662772 -0.0227654 -0.0261814 
0.550558 0.71087 0.0349948 -0.00880828 
0.569189 0.274762 0.0199655 -0.087801 
0.0975968 0.449241 0.0175036 0.00773115 
0.5671 0.749105 -0.0788309 0.0445502 
0.594582 0.653884 0.0445962 -0.0147937 
0.592893 0.437764 0.0774583 0.0466723 
0.246506 0.816151 0.0275577 0.0223872 
0.516276 0.368072 0.0528245 -0.0649969 
0.505824 0.817703 -0.100024 0.0114983 
0.183374 0.594485 0.02036 0.00593378 
0.689458 0.590821 0.0643086 0.0347922 
0.592714 0.134102 -0.00139252 -0.00214791 
0.037992 0.507425 0.0133323 -0.0112695 
0.48807 0.814983 -0.0295683 0.00251067 
0.483352 0.570473 0.0179103 -0.11774 
0.591895 0.159755 -0.00849492 0.0126083 
0.20484 0.664252 0.0270427 0.0163271 
0.42294 0.876832 -0.0293021 -0.00955896 
0.304077 0.538623 0.0200341 -0.0412178 
0.536263 0.376644 0.063211 0.0268635 
0.404072 0.719655 0.0135001 -0.0375847 
0.567303 0.336673 0.00452117 0.0797535 
0.413898 0.861376 -0.0393559 -0.0157185 
0.243074 0.795434 0.061661 0.0374108 
0.4544 0.846204 -0.042613 -0.00437294 
0.565114 0.239481 0.0136063 -0.0122497 
0.604581 0.647756 -0.0784807 0.0712414 
0.178828 0.611312 0.0336368 0.0301906 
0.379092 0.728541 -0.0322084 -0.0621878 
0.702105 0.47943 -0.0713629 0.0777238 
0.457396 0.768573 0.178403 -0.535351 
0.10641 0.565941 0.00590657 0.000318141 
0.423307 0.822069 -0.0487235 -0.011167 
0.605642 0.460789 -0.0650525 0.0985163 
0.110448 0.462966 0.010582 0.00402657 
0.329259 0.783294 -0.0706614 -0.0496009 
0.246849 0.724892 0.0562348 0.030045 
0.247928 0.684513 0.0990588 0.0384497 
0.381136 0.827497 -0.0710599 -0.0152245 
0.586032 0.212126 -0.0188076 0.0501342 
0.424363 0.645246 0.00474457 -0.0934221 
0.458751 0.825965 -0.0697522 0.00244074 
0.568104 0.243719 -0.0764253 0.519923 
0.335036 0.808455 -0.0839769 -0.0309657 
0.568026 0.243791 -0.0765711 0.520251 
0.37639 0.824326 -0.103451 -0.0118704 
0.193564 0.62138 0.145374 0.0584692 
0.457289 0.768759 0.178686 -0.535787 
0.227178 0.649906 0.17297 0.0697305 
0.392557 0.816537 -0.191599 0.00177175 
0.36906 0.826418 -0.262304 -0.0119954 
0.350073 0.809523 -0.390689 -0.0338213 
0.419912 0.816329 -0.675855 -0.124739 
