#38 4
0.486096 0.346753 0.158747 9.33522e-29 
0.0194877 0.475018 -0.000322518 4.96925e-22 
0.122131 0.635252 -0.0375131 0 
0.949206 0.544044 -0.00725267 0 
0.888651 0.693546 0.0966103 0 
0.885896 0.469841 -0.104702 0 
0.685213 0.65696 -0.207755 0 
0.0579754 0.604184 -0.0471938 0 
0.0300588 0.480505 -0.0023507 0 
0.255095 0.773232 -0.083393 0 
0.812921 0.662384 0.15327 0 
0.701287 0.530862 0.168079 0 
0.612459 0.439936 0.188153 0 
0.932447 0.473223 -0.0704136 0 
0.214899 0.909742 0.211942 0 
0.786551 0.550869 -0.173088 0 
0.0458111 0.335015 9.9785e-05 -0.953758 
0.408824 0.827877 0.924798 0 
0.04688 0.328 0 -1 
0.432544 0.333066 0.153042 0 
0.402048 0.836635 -0.0563732 0 
0.921307 0.683585 0.0740177 0 
0.42227 0.312143 0.146608 0 
0.435666 0.851762 -0.0814146 0 
0.21496 0.90971 0.211809 0 
0.410346 0.829274 0.925863 0 
0.49077 0.247939 0.140618 0 
0.278826 0.755867 -0.169172 0 
0.551429 0.124567 0.0987144 0 
0.600462 0.738098 -0.196655 0 
0.599933 0.0444154 0.036415 0 
0.495117 0.838241 -0.142091 0 
0.607039 0.0277169 0.00569322 0 
0.321035 0.807035 -0.324105 0 
0.610162 0.0486794 -0.0689496 0 
0.326373 0.808507 -0.325808 0 
0.585526 0.0996759 -0.230358 0 
0.567595 0.151124 -0.359181 0 
