#47 4
0.0164055 0.466956 -0.0228345 -0.154311 
0.909248 0.461074 -0.215771 0.0854926 
0.45748 0.714984 -0.490136 0.0998501 
0.881315 0.0420585 0.0166259 -0.10308 
0.0132325 0.432479 0.0412789 0.113096 
0.080963 0.657976 0.321606 0.424705 
0.96716 0.48504 -0.0382441 -0.203061 
0.976556 0.567396 0.0240329 -0.301847 
0.881298 0.0421845 0.0167232 -0.10316 
0.970002 0.440399 -0.11373 -0.0913353 
0.862914 0.947576 0.185936 -0.240215 
0.601463 0.924447 0.544999 -0.353758 
0.850736 0.968373 0.127559 -0.0679809 
0.0293891 0.512697 -0.0734371 -0.222881 
0.760922 0.555331 -0.384373 0.203962 
0.879167 0.12822 -0.00906729 0.27344 
0.157101 0.704858 -0.335011 -0.187546 
0.853639 0.94177 0.0724232 0.196679 
0.0180512 0.421415 0.0181429 0.141859 
0.110332 0.685079 0.287934 0.364888 
0.233175 0.828607 0.398356 0.225773 
0.836048 0.503375 -0.299961 0.164877 
0.932279 0.65925 0.0807418 -0.355781 
0.877785 0.860301 0.136322 -0.324086 
0.601624 0.923943 0.545163 -0.354049 
0.0736998 0.611873 -0.188194 -0.24429 
0.923373 0.775511 0.141696 -0.357972 
0.307679 0.737523 -0.441066 -0.0352946 
0.848957 0.32896 0.113625 -0.750025 
0.561974 0.676957 -0.478578 0.145781 
0.87914 0.128546 -0.00897956 0.27363 
0.828295 0.70258 0.238981 -0.634747 
0.114626 0.703783 0.613393 0.640449 
0.852576 0.942503 0.062965 0.234708 
0.365812 0.935719 0.665898 0.103092 
0.825612 0.713675 0.247373 -0.651305 
0.864504 0.603409 -0.0148312 0.554003 
0.114133 0.703916 0.613278 0.64051 
0.864327 0.603255 -0.0147567 0.554015 
0.746413 0.696152 0.490614 -0.91262 
0.848959 0.328788 0.113676 -0.749975 
0.870539 0.356192 -0.0566273 0.782989 
0.284706 0.887675 0.445042 0.174405 
0.86804 0.450056 -0.0909903 0.844621 
0.863044 0.650258 -0.157493 0.957896 
0.746285 0.696042 0.493636 -0.918282 
0.423226 0.95488 0.857408 0.0102251 
