#21 4
0.102612 0.754549 -0.0803711 -0.0820271 
0.927571 0.238979 0.0757201 -0.299012 
0.0840726 0.72215 0.0167939 0.0170817 
0.178887 0.790983 0.235143 0.156232 
0.154944 0.813905 -0.195191 -0.14321 
0.95269 0.145774 0.027734 -0.126982 
0.643761 0.75611 0.413903 -0.401197 
0.111834 0.74769 0.0979834 0.103469 
0.870685 0.410437 0.200409 -0.462804 
0.445664 0.893651 -0.365412 0.013686 
0.296093 0.854028 0.356541 0.0744745 
0.601975 0.851661 -0.372289 0.149943 
0.771927 0.596123 0.311286 -0.493705 
0.266969 0.86414 -0.307469 -0.102614 
0.959895 0.117535 0.00369729 0.0591187 
0.468318 0.859525 0.442883 -0.150195 
0.744713 0.757373 -0.293671 0.25958 
0.957693 0.182541 -0.0141444 0.195598 
0.859463 0.601953 -0.19819 0.347918 
0.918309 0.448588 -0.106041 0.34761 
0.944688 0.289747 -0.037123 0.306896 
