1 154 175
2 154 175
3 154 175
4 155 175
5 155 174
6 155 174
7 154 174
8 154 174
9 154 174
10 154 174
11 154 174
12 154 175
13 153 176
14 153 176
15 152 177
16 152 178
17 152 178
18 152 178
19 151 179
20 152 179
21 151 179
22 151 179
23 151 179
24 151 179
25 151 179
26 150 179
27 150 179
28 151 179
29 151 179
30 150 178
31 149 178
32 149 178
33 149 178
34 149 178
35 149 178
36 149 178
37 149 177
38 149 177
39 149 177
40 149 177
41 149 177
42 149 177
43 149 177
44 149 177
45 150 178
46 150 178
47 149 178
48 149 178
49 149 178
50 149 178
51 149 179
52 149 179
53 149 179
54 149 179
55 149 179
56 149 179
57 149 179
58 149 179
59 149 179
60 149 179
61 149 179
62 149 179
63 149 179
64 149 179
65 149 179
66 149 179
67 149 179
68 149 179
69 149 179
70 149 179
71 149 179
72 149 179
73 149 179
74 149 179
75 149 180
76 149 180
77 149 180
78 149 180
79 149 180
80 149 180
81 149 180
82 149 181
83 149 181
84 149 181
85 149 181
86 149 181
87 148 181
88 148 182
89 148 182
90 148 182
91 148 182
92 148 182
93 148 182
94 148 182
95 148 182
96 148 182
97 148 182
98 148 182
99 148 181
100 148 181
101 148 181
102 148 181
103 148 181
104 148 181
105 148 181
106 147 181
107 147 181
108 148 181
109 148 180
110 148 181
111 148 180
112 147 180
113 147 180
114 147 180
115 147 180
116 147 180
117 147 180
118 147 179
119 147 179
120 148 179
121 148 179
122 148 179
123 148 179
124 148 179
125 148 179
126 148 179
127 148 179
128 148 179
129 149 179
130 149 179
131 149 179
132 149 179
133 149 179
134 149 179
135 149 179
136 149 179
137 150 179
138 149 178
139 149 178
140 150 178
141 150 178
142 150 178
143 150 178
144 150 178
145 150 178
146 150 178
147 150 178
148 150 179
149 150 178
150 150 178
151 150 178
152 150 178
153 150 178
154 150 178
155 150 178
156 150 178
157 150 179
158 150 179
159 150 179
160 150 179
161 150 179
162 150 179
163 150 178
164 149 178
165 150 178
166 150 178
167 149 178
168 150 178
169 150 178
170 150 178
171 150 178
172 150 178
173 150 178
174 150 178
175 150 178
176 150 178
177 150 178
178 150 178
179 150 178
180 150 178
181 151 178
182 151 178
183 151 178
184 151 178
185 151 178
186 151 178
187 151 178
188 151 178
189 150 178
190 150 178
191 151 178
192 151 178
193 151 178
194 151 178
195 151 178
196 151 178
197 151 178
198 151 178
199 152 178
200 152 178
201 152 178
202 152 178
203 153 178
204 153 179
205 153 179
206 153 179
207 154 179
208 154 179
209 154 178
210 154 178
211 155 177
212 155 178
213 155 177
214 156 177
215 156 178
216 156 178
217 156 177
218 156 177
219 157 177
220 158 178
221 158 178
222 158 178
223 158 178
224 159 178
225 159 177
226 159 178
227 159 178
228 160 177
229 160 177
230 160 178
231 160 178
232 160 177
233 161 178
234 161 178
235 161 178
236 161 178
237 161 178
238 162 178
239 162 178
240 162 178
241 163 178
242 163 177
243 163 178
244 163 178
245 164 178
246 164 178
247 165 178
248 165 178
249 165 178
250 165 178
251 166 178
252 166 178
253 167 178
254 167 178
255 167 178
256 168 178
257 169 178
258 169 178
259 169 178
260 170 178
261 170 178
262 171 178
263 171 178
264 171 178
265 172 178
266 172 178
267 173 178
268 173 178
269 174 178
270 174 178
271 174 177
272 175 177
273 175 177
274 176 177
275 176 177
276 177 177
277 177 177
278 177 176
279 177 176
280 177 175
281 178 175
282 178 175
283 179 175
284 179 175
285 179 175
286 180 174
287 180 174
288 180 173
289 181 173
290 180 173
291 181 173
292 181 173
293 182 172
294 182 172
295 183 171
296 183 171
297 184 171
298 184 171
299 184 171
300 185 171
301 186 171
302 186 171
303 186 171
304 187 171
305 187 171
306 187 171
307 188 171
308 189 171
309 189 170
310 189 171
311 190 170
312 190 170
313 190 170
314 191 170
315 192 170
316 192 169
317 192 169
318 193 170
319 194 170
320 194 169
321 195 170
322 195 169
323 195 169
324 196 169
325 196 169
326 197 169
327 197 170
328 198 170
329 198 170
330 199 171
331 199 169
332 200 169
333 200 169
334 200 169
335 201 169
336 202 170
337 202 170
338 202 170
339 202 170
340 203 170
341 204 170
342 204 171
343 204 171
344 204 171
345 204 170
346 205 170
347 205 171
348 205 170
349 206 170
350 206 171
351 206 171
352 206 171
353 206 171
354 206 171
355 207 172
356 207 172
357 208 172
358 208 172
359 208 172
360 209 172
361 209 172
362 209 172
363 209 171
364 210 172
365 210 172
366 210 171
367 211 171
368 211 171
369 211 171
370 212 171
371 212 171
372 212 171
373 213 171
374 213 171
375 213 171
376 213 171
377 214 171
378 214 171
379 214 170
380 214 170
381 214 172
382 215 172
383 215 172
384 215 172
385 215 171
386 215 171
387 215 171
388 216 171
389 216 171
390 215 172
391 216 173
392 216 173
393 216 173
394 216 173
395 217 173
396 217 174
397 217 174
398 217 174
399 217 174
400 218 174
401 218 175
402 218 174
403 218 175
404 218 175
405 218 175
406 219 176
407 219 176
408 219 176
409 219 176
410 219 177
411 220 176
412 220 176
413 221 177
414 221 177
415 221 178
416 222 178
417 222 178
418 222 178
419 223 179
420 223 179
421 224 179
422 224 181
423 224 181
424 224 181
425 225 181
426 225 182
427 225 182
428 225 183
429 226 183
430 226 184
431 226 184
432 226 184
433 226 185
434 227 185
435 227 185
436 227 185
437 227 185
438 227 186
439 227 185
440 228 186
441 228 186
442 228 186
443 228 186
444 229 186
445 228 187
446 229 187
447 229 187
448 229 187
449 230 187
450 230 187
451 230 188
452 231 188
453 231 188
454 231 188
455 232 189
456 232 189
457 232 189
458 233 190
459 233 190
460 234 190
461 235 190
462 235 191
463 235 191
464 235 192
465 235 192
466 236 192
467 236 192
468 236 193
469 236 193
470 236 193
471 236 194
472 236 195
473 236 195
474 237 195
475 237 196
476 238 197
477 238 197
478 238 197
479 238 198
480 238 198
481 238 199
482 238 200
483 238 200
484 239 200
485 239 201
486 239 202
487 239 202
488 240 202
489 240 203
490 240 204
491 240 203
492 240 204
493 240 205
494 240 205
495 240 206
496 240 206
497 240 207
498 241 207
499 241 208
500 241 208
501 241 209
502 241 210
503 241 210
504 241 210
505 241 210
506 242 211
507 242 211
508 242 211
509 241 211
510 242 212
511 242 212
512 242 213
513 242 213
514 242 214
515 242 214
516 242 215
517 243 215
518 242 215
519 242 216
520 243 216
521 243 216
522 243 217
523 243 217
524 244 218
525 244 218
526 243 219
527 244 219
528 244 220
529 244 220
530 244 220
531 245 221
532 245 222
533 245 223
534 245 223
535 245 223
536 246 223
537 246 224
538 245 224
539 246 224
540 247 225
541 246 226
542 246 226
543 246 226
544 245 226
545 246 227
546 247 227
547 246 227
548 246 227
549 247 228
550 247 228
551 247 229
552 248 229
553 246 229
554 247 230
555 248 230
556 249 231
557 248 232
558 248 232
559 248 233
560 248 233
561 248 234
562 248 234
563 248 236
564 248 236
565 248 236
566 248 237
567 248 238
568 248 238
569 248 238
570 248 239
571 249 240
572 248 240
573 248 241
574 248 242
575 249 242
576 248 243
577 249 244
578 248 244
579 248 245
580 249 246
581 249 246
582 248 247
583 248 248
584 249 248
585 248 249
586 249 250
587 248 251
588 249 251
589 250 252
590 249 253
591 249 253
592 249 254
593 250 254
594 250 255
595 250 256
596 250 256
597 250 257
598 250 258
599 250 258
600 250 259
601 251 260
602 251 261
603 251 261
604 252 262
605 251 263
606 251 263
607 251 264
608 251 264
609 251 265
610 251 265
611 250 266
612 250 267
613 251 267
614 250 268
615 250 268
616 251 269
617 250 270
618 249 271
619 250 271
620 249 272
621 250 272
622 250 273
623 250 273
624 251 274
625 250 275
626 250 275
627 250 275
628 250 276
629 250 277
630 250 277
631 250 278
632 250 279
633 250 280
634 250 280
635 249 280
636 250 281
637 250 282
638 250 282
639 251 283
640 251 283
641 251 284
642 250 284
643 251 285
644 251 286
645 252 286
646 251 287
647 251 288
648 252 288
649 252 289
650 252 290
651 252 290
652 252 291
653 251 291
654 252 292
655 252 293
656 251 293
657 252 293
658 252 293
659 252 295
660 252 295
661 252 297
662 252 298
663 253 297
664 253 298
665 253 298
666 253 299
667 253 300
668 253 299
669 253 300
670 253 300
671 254 301
672 253 301
673 253 302
674 253 303
675 253 303
676 253 303
677 253 304
678 253 305
679 253 305
680 253 306
681 254 306
682 253 306
683 253 307
684 253 308
685 253 308
686 254 309
687 253 309
688 253 310
689 253 310
690 253 310
691 253 311
692 253 311
693 253 311
694 254 312
695 254 312
696 254 313
697 254 313
698 254 314
699 255 314
700 254 315
701 254 315
702 255 316
703 255 316
704 255 317
705 255 317
706 255 318
707 255 319
708 255 318
709 255 319
710 255 320
711 255 320
712 255 321
713 255 321
714 254 322
715 255 322
716 255 323
717 255 323
718 255 324
719 255 324
720 255 325
721 255 326
722 255 326
723 256 327
724 256 328
725 255 329
726 255 329
727 256 330
728 256 331
729 256 331
730 256 332
731 256 333
732 256 333
733 255 334
734 255 334
735 256 334
736 256 335
737 256 336
738 255 336
739 255 337
740 256 338
741 256 338
742 256 338
743 256 340
744 256 340
745 256 340
746 256 341
747 256 341
748 256 342
749 256 342
750 255 343
751 255 344
752 255 344
753 255 345
754 255 345
755 255 346
756 255 346
757 255 346
758 255 347
759 255 348
760 255 348
761 255 349
762 255 349
763 255 350
764 254 350
765 254 350
766 254 351
767 254 351
768 253 352
769 254 352
770 253 352
771 253 353
772 253 353
773 253 353
774 253 354
775 253 354
776 253 354
777 253 355
778 253 354
779 253 356
780 253 357
781 253 357
782 253 358
783 253 358
784 253 358
785 253 359
786 253 359
787 253 359
788 253 359
789 253 360
790 253 360
791 252 361
792 253 361
793 253 362
794 252 362
795 252 363
796 253 363
797 253 364
798 252 365
799 253 365
800 253 365
801 253 366
802 253 366
803 253 367
804 253 367
805 253 368
806 253 368
807 253 369
808 253 369
809 253 369
810 253 370
811 254 370
812 254 371
813 254 371
814 254 371
815 254 372
816 254 372
817 254 372
818 254 373
819 254 373
820 255 373
821 255 374
822 255 374
823 255 374
824 255 374
825 255 375
826 255 375
827 256 376
828 255 376
829 256 376
830 256 376
831 256 377
832 256 377
833 256 378
834 256 378
835 256 378
836 256 379
837 257 379
838 257 379
839 257 380
840 257 380
841 257 381
842 257 381
843 257 381
844 258 382
845 258 382
846 258 382
847 258 383
848 258 383
849 258 383
850 258 384
851 258 384
852 258 384
853 258 384
854 258 384
855 258 385
856 258 385
857 258 385
858 258 386
859 258 386
860 258 386
861 258 387
862 258 386
863 258 386
864 258 387
865 258 387
866 258 388
867 258 388
868 258 388
869 258 388
870 258 388
871 258 387
872 258 387
873 258 388
874 258 388
875 258 388
876 258 388
877 258 388
878 258 388
879 258 388
880 259 388
881 259 388
882 259 388
883 258 387
884 258 387
885 259 387
886 259 387
887 259 387
888 259 387
889 259 387
890 259 387
891 260 387
892 260 388
893 260 388
894 259 388
895 259 388
896 259 388
897 259 388
898 259 388
899 260 388
900 260 388
901 260 390
902 260 390
903 261 390
904 261 389
905 261 390
906 261 390
907 261 390
908 261 390
909 261 390
910 261 390
911 261 390
912 261 390
913 261 390
914 261 390
915 261 390
916 261 390
917 261 390
918 261 390
919 261 390
920 262 390
921 262 390
922 262 390
923 262 390
924 262 390
925 262 390
926 262 390
927 262 390
928 262 390
929 262 389
930 263 389
931 263 389
932 263 389
933 263 389
934 263 389
935 263 388
936 264 388
937 264 388
938 264 387
939 264 387
940 264 386
941 264 386
942 263 385
943 264 385
944 264 384
945 264 383
946 264 383
947 264 383
948 265 382
949 264 381
950 264 380
951 265 380
952 265 379
953 264 379
954 264 379
955 265 378
956 265 378
957 265 377
958 264 377
959 264 376
960 265 376
961 265 376
962 265 375
963 265 374
964 265 374
965 265 374
966 265 373
967 265 372
968 265 372
969 265 371
970 265 370
971 266 371
972 266 370
973 266 369
974 265 369
975 266 368
976 266 368
977 266 367
978 266 367
979 266 367
980 266 366
981 266 366
982 266 366
983 266 365
984 266 365
985 266 365
986 266 365
987 266 365
988 266 364
989 266 364
990 266 364
991 266 363
992 266 363
993 266 362
994 266 362
995 266 362
996 265 361
997 265 361
998 265 361
999 265 360
1000 265 360
1001 265 360
1002 265 360
1003 265 359
1004 264 359
1005 264 359
1006 264 358
1007 264 358
1008 264 358
1009 264 358
1010 264 358
1011 264 358
1012 264 358
1013 264 358
1014 263 358
1015 263 358
1016 263 358
1017 263 358
1018 263 358
1019 263 357
1020 263 357
1021 263 357
1022 263 357
1023 263 356
1024 263 356
1025 263 356
1026 263 356
1027 263 356
1028 263 356
1029 264 356
1030 264 355
1031 264 355
1032 264 355
1033 264 355
1034 264 354
1035 264 354
1036 264 353
1037 264 353
1038 265 353
1039 265 353
1040 265 352
1041 264 351
1042 265 351
1043 264 351
1044 265 350
1045 265 350
1046 264 349
1047 264 349
1048 265 349
1049 265 349
1050 266 348
1051 265 349
1052 265 348
1053 265 348
1054 265 348
1055 266 348
1056 266 347
1057 267 346
1058 266 347
1059 266 346
1060 266 346
1061 266 346
1062 266 345
1063 266 345
1064 266 344
1065 266 344
1066 266 343
1067 266 343
1068 267 342
1069 267 342
1070 267 342
1071 267 341
1072 266 341
1073 266 340
1074 267 340
1075 267 340
1076 267 339
1077 266 339
1078 267 339
1079 267 339
1080 266 339
1081 266 338
1082 267 338
1083 267 338
1084 266 337
1085 266 337
1086 266 337
1087 266 336
1088 266 336
1089 266 336
1090 266 336
1091 266 335
1092 266 335
1093 266 335
1094 266 334
1095 266 334
1096 266 334
1097 265 333
1098 266 333
1099 265 333
1100 265 333
1101 265 333
1102 265 332
1103 265 332
1104 265 332
1105 264 331
1106 264 331
1107 264 331
1108 264 330
1109 264 330
1110 264 329
1111 264 329
1112 264 328
1113 264 328
1114 263 327
1115 264 327
1116 264 326
1117 264 326
1118 264 326
1119 264 325
1120 264 325
1121 264 325
1122 264 324
1123 264 324
1124 264 324
1125 264 324
1126 263 323
1127 264 323
1128 264 322
1129 264 321
1130 264 321
1131 264 321
1132 264 320
1133 265 320
1134 264 319
1135 264 319
1136 264 318
1137 264 317
1138 264 317
1139 264 316
1140 263 315
1141 263 315
1142 264 314
1143 264 314
1144 263 313
1145 263 312
1146 264 312
1147 264 311
1148 263 311
1149 263 310
1150 264 309
1151 263 308
1152 262 308
1153 263 308
1154 263 307
1155 263 307
1156 262 307
1157 262 306
1158 263 305
1159 262 306
1160 261 305
1161 262 304
1162 262 304
1163 262 303
1164 262 303
1165 261 303
1166 262 302
1167 262 302
1168 262 301
1169 262 301
1170 261 301
1171 261 301
1172 261 301
1173 261 300
1174 262 300
1175 261 299
1176 261 299
1177 260 298
1178 260 297
1179 260 297
1180 260 297
1181 260 297
1182 261 295
1183 260 295
1184 260 295
1185 260 294
1186 260 294
1187 259 293
1188 260 292
1189 260 292
1190 260 291
1191 259 290
1192 259 290
1193 259 289
1194 259 289
1195 259 288
1196 258 288
1197 259 287
1198 259 287
1199 259 286
1200 259 285
1201 259 285
1202 259 285
1203 259 285
1204 259 284
1205 259 283
1206 258 283
1207 260 282
1208 259 281
1209 259 281
1210 259 280
1211 259 279
1212 259 279
1213 259 278
1214 259 277
1215 258 277
1216 260 276
1217 259 275
1218 259 274
1219 259 274
1220 260 273
1221 259 272
1222 258 272
1223 260 271
1224 259 270
1225 259 270
1226 260 269
1227 260 269
1228 259 268
1229 259 267
1230 260 267
1231 258 267
1232 258 266
1233 258 265
1234 258 265
1235 258 265
1236 258 264
1237 259 264
1238 258 263
1239 258 263
1240 259 262
1241 259 261
1242 259 260
1243 259 260
1244 258 259
1245 258 259
1246 258 258
1247 258 257
1248 258 257
1249 259 256
1250 259 256
1251 258 254
1252 258 254
1253 259 253
1254 258 252
1255 259 252
1256 259 251
1257 259 251
1258 259 250
1259 259 249
1260 259 249
1261 259 248
1262 259 248
1263 259 248
1264 259 247
1265 259 247
1266 259 246
1267 259 246
1268 259 246
1269 259 246
1270 259 245
1271 259 244
1272 259 244
1273 258 244
1274 258 243
1275 259 243
1276 259 242
1277 259 242
1278 259 242
1279 259 242
1280 259 241
1281 258 240
1282 258 240
1283 259 240
1284 258 240
1285 257 240
1286 257 240
1287 258 239
1288 258 239
1289 258 238
1290 257 238
1291 258 238
1292 258 238
1293 257 238
1294 258 237
1295 257 236
1296 256 236
1297 256 235
1298 257 234
1299 257 233
1300 255 233
1301 257 232
1302 256 232
1303 256 231
1304 256 231
1305 256 230
1306 256 229
1307 256 229
1308 256 228
1309 256 228
1310 256 227
1311 255 227
1312 256 226
1313 256 225
1314 257 224
1315 257 224
1316 257 223
1317 258 223
1318 258 222
1319 258 221
1320 258 221
1321 258 219
1322 259 219
1323 258 219
1324 259 217
1325 258 217
1326 258 217
1327 258 216
1328 258 215
1329 257 216
1330 257 216
1331 257 215
1332 259 214
1333 258 214
1334 257 214
1335 256 214
1336 257 212
1337 257 212
1338 257 211
1339 258 211
1340 257 210
1341 257 210
1342 256 210
1343 257 208
1344 257 208
1345 256 208
1346 258 207
1347 256 208
1348 256 207
1349 256 207
1350 256 206
1351 256 205
1352 255 204
1353 256 203
1354 256 203
1355 256 202
1356 256 202
1357 255 200
1358 255 200
1359 255 200
1360 255 200
1361 256 199
1362 256 198
1363 256 198
1364 256 198
1365 256 197
1366 256 197
1367 254 197
1368 254 197
1369 256 195
1370 256 195
1371 256 194
1372 254 195
1373 254 195
1374 254 195
1375 254 194
1376 254 194
1377 254 194
1378 254 195
1379 254 194
1380 254 193
1381 255 192
1382 255 192
1383 255 192
1384 255 192
1385 255 191
1386 255 191
1387 256 191
1388 255 190
1389 255 191
1390 255 192
1391 256 191
1392 255 190
1393 256 189
1394 255 189
1395 255 189
1396 257 188
1397 255 188
1398 257 188
1399 257 187
1400 257 186
1401 257 186
1402 256 187
1403 256 187
1404 256 186
1405 256 186
1406 256 186
1407 258 184
1408 256 184
1409 256 184
1410 257 184
1411 258 183
1412 259 181
1413 259 181
1414 259 181
1415 260 181
1416 260 181
1417 261 180
1418 261 180
1419 261 179
1420 261 179
1421 261 179
1422 261 178
1423 262 177
1424 262 177
1425 262 176
1426 263 175
1427 262 176
1428 262 175
1429 262 175
1430 262 175
1431 263 174
1432 261 175
1433 263 174
1434 264 173
1435 264 172
1436 264 172
1437 264 172
1438 264 172
1439 264 172
1440 264 171
1441 265 171
1442 265 171
1443 265 171
1444 265 171
1445 265 170
1446 265 170
1447 265 170
1448 265 170
1449 265 170
1450 265 170
1451 265 170
1452 265 170
1453 265 170
1454 265 170
1455 265 170
1456 265 171
1457 265 171
1458 265 171
1459 265 171
1460 264 171
1461 264 171
1462 264 171
1463 264 171
1464 263 172
1465 263 172
1466 263 172
1467 263 172
1468 263 172
1469 263 172
1470 262 172
1471 262 173
1472 262 173
1473 262 173
1474 262 173
1475 262 173
1476 262 173
1477 262 172
1478 262 172
1479 262 172
1480 261 173
1481 261 173
1482 261 172
1483 261 172
1484 261 171
1485 261 171
1486 261 171
1487 260 172
1488 260 172
1489 261 171
1490 260 171
1491 260 171
1492 260 171
1493 260 171
1494 260 171
1495 260 171
1496 260 171
1497 260 171
1498 260 171
1499 260 171
1500 260 172
1501 261 171
1502 260 171
1503 260 172
1504 260 172
1505 260 172
1506 260 173
1507 260 173
1508 260 173
1509 260 173
1510 260 173
1511 260 173
1512 260 173
1513 260 174
1514 260 174
1515 260 174
1516 261 174
1517 261 175
1518 261 175
1519 261 175
1520 261 175
1521 261 176
1522 261 175
1523 261 175
1524 261 175
1525 261 175
1526 261 176
1527 261 176
1528 262 176
1529 261 177
1530 261 177
1531 261 177
1532 261 177
1533 262 177
1534 262 177
1535 262 177
1536 262 177
1537 262 177
1538 262 177
1539 263 176
1540 263 176
1541 263 175
1542 263 175
1543 263 175
1544 263 175
1545 263 175
1546 263 175
1547 263 174
1548 263 174
1549 263 174
1550 263 174
1551 263 174
1552 263 174
1553 263 174
1554 263 174
1555 263 174
1556 263 174
1557 263 174
1558 263 173
1559 263 173
1560 263 173
1561 264 172
1562 264 172
1563 264 172
1564 264 172
1565 264 172
1566 264 172
1567 264 172
1568 263 172
1569 263 172
1570 263 172
1571 263 172
1572 263 172
1573 263 172
1574 262 172
1575 262 172
1576 262 172
1577 262 172
1578 262 172
1579 263 171
1580 263 171
1581 263 171
1582 263 171
1583 263 171
1584 263 171
1585 263 171
1586 263 171
1587 263 171
1588 263 171
1589 262 172
1590 263 171
1591 262 171
1592 262 171
1593 262 171
1594 262 170
1595 262 170
1596 262 170
1597 262 170
1598 262 170
1599 262 170
1600 262 170
1601 262 170
1602 262 170
1603 262 170
1604 262 171
1605 264 170
1606 264 170
1607 264 170
1608 264 170
1609 264 170
1610 264 171
1611 264 171
1612 264 171
1613 264 171
1614 264 171
1615 264 171
1616 264 171
1617 264 171
1618 264 171
1619 264 171
1620 264 171
1621 264 172
1622 264 172
1623 265 171
1624 265 172
1625 265 172
1626 265 171
1627 265 172
1628 265 172
1629 265 172
1630 265 172
1631 265 173
1632 265 173
1633 265 173
1634 265 173
1635 265 173
1636 265 173
1637 265 174
