1 111 99
2 111 99
3 111 99
4 111 99
5 111 100
6 110 100
7 110 101
8 110 101
9 110 101
10 110 101
11 110 101
12 110 101
13 110 101
14 110 101
15 110 101
16 110 101
17 110 101
18 110 101
19 110 101
20 110 101
21 110 101
22 110 101
23 110 101
24 110 101
25 110 101
26 110 101
27 110 101
28 110 101
29 110 101
30 110 101
31 110 101
32 110 101
33 110 101
34 110 101
35 110 100
36 110 100
37 110 100
38 111 101
39 111 101
40 110 101
41 111 101
42 111 101
43 111 101
44 111 101
45 111 102
46 111 102
47 111 102
48 111 102
49 111 102
50 111 102
51 111 102
52 111 102
53 111 103
54 111 104
55 111 103
56 111 103
57 111 103
58 111 103
59 112 105
60 112 104
61 111 104
62 111 104
63 111 104
64 112 105
65 112 105
66 112 106
67 112 106
68 112 106
69 112 106
70 112 106
71 112 107
72 112 106
73 112 106
74 112 107
75 112 107
76 112 107
77 112 107
78 112 107
79 112 107
80 112 107
81 112 107
82 113 108
83 113 108
84 113 108
85 113 108
86 113 108
87 113 108
88 113 108
89 113 108
90 113 108
91 113 108
92 113 108
93 113 108
94 113 108
95 113 108
96 113 108
97 113 108
98 113 108
99 114 108
100 114 108
101 114 108
102 114 109
103 114 109
104 114 108
105 114 108
106 114 108
107 114 108
108 115 108
109 114 107
110 115 107
111 115 107
112 115 107
113 115 106
114 116 106
115 115 106
116 116 106
117 116 106
118 116 105
119 116 105
120 116 105
121 118 106
122 117 106
123 118 106
124 118 105
125 118 105
126 119 105
127 119 104
128 119 103
129 119 103
130 120 103
131 119 103
132 120 103
133 120 102
134 120 102
135 120 101
136 120 101
137 120 101
138 121 101
139 121 101
140 122 101
141 122 101
142 122 100
143 122 100
144 122 99
145 123 100
146 123 100
147 124 100
148 124 99
149 124 99
150 125 99
151 124 97
152 124 97
153 125 97
154 125 97
155 125 97
156 126 97
157 126 97
158 127 97
159 127 96
160 127 96
161 127 96
162 127 96
163 127 96
164 128 96
165 128 96
166 129 95
167 129 95
168 129 95
169 129 95
170 129 95
171 130 95
172 130 95
173 131 95
174 131 95
175 132 96
176 132 96
177 132 96
178 133 95
179 133 95
180 134 96
181 134 95
182 135 95
183 135 95
184 136 95
185 136 95
186 136 95
187 136 94
188 137 94
189 137 94
190 138 94
191 138 94
192 139 94
193 139 94
194 139 94
195 140 94
196 140 94
197 141 94
198 141 94
199 141 94
200 142 94
201 142 95
202 143 95
203 143 95
204 143 94
205 143 95
206 143 94
207 144 94
208 144 94
209 144 94
210 145 94
211 145 93
212 145 93
213 145 93
214 145 93
215 145 93
216 146 93
217 146 93
218 147 93
219 147 94
220 147 94
221 148 94
222 148 93
223 148 93
224 149 94
225 150 93
226 150 93
227 150 93
228 150 93
229 151 93
230 152 93
231 151 92
232 152 91
233 153 91
234 153 91
235 153 91
236 154 91
237 154 91
238 155 91
239 155 91
240 156 91
241 157 91
242 157 91
243 157 91
244 158 91
245 159 91
246 160 91
247 160 91
248 161 91
249 162 92
250 162 91
251 163 91
252 163 92
253 164 91
254 164 91
255 165 91
256 166 91
257 166 91
258 167 91
259 167 91
260 168 91
261 168 91
262 169 91
263 169 91
264 169 91
265 170 91
266 171 91
267 171 91
268 171 91
269 172 91
270 172 91
271 173 90
272 173 90
273 174 90
274 175 91
275 175 90
276 175 90
277 176 90
278 176 90
279 177 90
280 177 90
281 178 90
282 178 90
283 179 89
284 179 89
285 180 89
286 180 89
287 181 89
288 181 88
289 182 88
290 182 88
291 183 88
292 183 88
293 184 87
294 185 86
295 185 86
296 186 86
297 186 85
298 187 85
299 188 86
300 188 85
301 189 85
302 190 85
303 190 85
304 191 85
305 192 85
306 192 85
307 193 84
308 193 84
309 193 85
310 194 85
311 195 84
312 195 84
313 196 84
314 196 84
315 197 84
316 197 84
317 198 84
318 198 84
319 199 84
320 199 84
321 199 83
322 199 83
323 199 83
324 200 83
325 200 83
326 201 83
327 201 83
328 201 83
329 201 83
330 202 83
331 202 83
332 202 83
333 203 83
334 203 83
335 203 84
336 204 83
337 204 83
338 205 83
339 205 83
340 206 83
341 207 82
342 207 84
343 208 82
344 208 83
345 209 83
346 210 82
347 210 83
348 210 83
349 211 83
350 212 83
351 211 83
352 212 83
353 212 83
354 213 83
355 214 83
356 214 83
357 214 83
358 215 83
359 216 83
360 216 83
361 216 83
362 217 83
363 218 83
364 219 83
365 219 83
366 219 84
367 220 84
368 221 84
369 221 84
370 221 85
371 222 85
372 223 86
373 223 86
374 223 86
375 224 86
376 225 87
377 225 88
378 226 89
379 226 89
380 226 89
381 227 90
382 227 91
383 228 91
384 228 92
385 229 91
386 229 92
387 230 93
388 230 94
389 230 94
390 231 94
391 231 95
392 231 95
393 231 96
394 232 96
395 232 97
396 232 97
397 233 98
398 233 98
399 233 99
400 234 99
401 234 99
402 234 100
403 234 101
404 234 101
405 234 102
406 234 103
407 235 103
408 235 103
409 235 104
410 235 105
411 235 106
412 236 106
413 236 107
414 236 107
415 236 108
416 237 108
417 236 109
418 237 109
419 237 110
420 237 110
421 238 111
422 238 111
423 238 112
424 238 114
425 238 114
426 239 114
427 239 114
428 239 116
429 239 115
430 239 116
431 240 117
432 239 117
433 240 117
434 240 118
435 240 118
436 240 119
437 241 119
438 241 119
439 241 119
440 242 120
441 242 120
442 242 120
443 242 121
444 242 122
445 242 122
446 243 122
447 243 122
448 244 122
449 244 124
450 244 124
451 245 124
452 245 124
453 244 124
454 246 125
455 246 125
456 245 125
457 246 126
458 246 127
459 245 127
460 247 127
461 245 128
462 246 129
463 247 129
464 246 129
465 246 130
466 248 131
467 247 131
468 247 132
469 248 132
470 247 132
471 249 133
472 248 134
473 248 134
474 248 134
475 248 135
476 249 136
477 248 136
478 249 137
479 249 137
480 249 137
481 249 138
482 249 139
483 250 139
484 250 139
485 249 140
486 250 140
487 250 140
488 250 140
489 250 141
490 251 142
491 251 142
492 251 143
493 251 143
494 251 144
495 250 145
496 251 145
497 251 146
498 251 146
499 251 146
500 251 148
501 251 148
502 252 148
503 251 150
504 252 150
505 252 150
506 252 151
507 253 152
508 253 152
509 252 153
510 251 153
511 253 153
512 253 154
513 253 154
514 252 155
515 252 155
516 253 156
517 253 156
518 253 157
519 253 157
520 252 157
521 253 158
522 253 159
523 253 159
524 253 159
525 253 160
526 253 160
527 252 160
528 253 160
529 252 161
530 253 162
531 252 162
532 253 163
533 252 164
534 252 164
535 252 164
536 252 165
537 252 165
538 253 166
539 252 167
540 253 167
541 252 168
542 253 168
543 253 169
544 253 169
545 253 169
546 254 169
547 253 169
548 253 170
549 253 171
550 253 171
551 253 171
552 252 172
553 252 172
554 253 173
555 252 173
556 253 174
557 253 174
558 253 175
559 253 175
560 253 175
561 253 175
562 253 176
563 253 177
564 254 177
565 253 178
566 253 179
567 254 179
568 254 180
569 254 181
570 254 181
571 253 182
572 253 184
573 253 184
574 253 184
575 252 186
576 253 185
577 253 186
578 252 187
579 252 187
580 252 188
581 252 188
582 252 189
583 253 189
584 252 190
585 252 191
586 252 191
587 251 191
588 252 192
589 252 193
590 252 193
591 253 194
592 252 194
593 251 194
594 252 195
595 253 196
596 253 195
597 254 196
598 254 196
599 254 196
600 254 197
601 253 198
602 253 198
603 254 199
604 254 200
605 254 200
606 254 200
607 254 201
608 255 202
609 256 201
610 255 202
611 255 203
612 255 204
613 255 204
614 255 205
615 255 206
616 256 206
617 255 207
618 256 207
619 255 207
620 256 209
621 256 209
622 256 210
623 255 211
624 256 211
625 256 211
626 255 212
627 256 213
628 256 213
629 257 213
630 256 215
631 257 216
632 257 216
633 257 217
634 257 217
635 257 218
636 257 219
637 258 219
638 258 220
639 258 221
640 258 221
641 257 222
642 258 223
643 259 223
644 259 223
645 259 225
646 259 225
647 258 226
648 259 227
649 258 228
650 258 229
651 258 230
652 258 231
653 259 231
654 259 232
655 257 233
656 258 233
657 257 234
658 258 234
659 257 236
660 258 237
661 257 239
662 257 239
663 257 239
664 258 240
665 257 241
666 258 241
667 256 242
668 256 242
669 257 243
670 256 244
671 256 244
672 256 244
673 255 245
674 256 246
675 256 246
676 255 246
677 255 246
678 255 246
679 255 247
680 256 247
681 256 247
682 256 247
683 255 248
684 255 248
685 255 248
686 255 248
687 255 249
688 254 249
689 254 249
690 254 250
691 255 250
692 255 251
693 254 251
694 254 252
695 254 252
696 254 253
697 253 254
698 253 253
699 254 254
700 253 255
701 253 255
702 253 255
703 253 255
704 253 256
705 253 256
706 253 257
707 253 258
708 253 258
709 253 258
710 253 259
711 253 259
712 253 259
713 253 260
714 253 260
715 252 261
716 253 261
717 253 262
718 253 262
719 253 262
720 253 262
721 253 263
722 254 263
723 254 263
724 254 263
725 254 263
726 255 264
727 254 264
728 255 265
729 254 265
730 254 265
731 255 266
732 255 266
733 255 267
734 256 267
735 256 268
736 256 269
737 256 269
738 255 270
739 256 270
740 256 270
741 256 271
742 256 271
743 257 272
744 257 273
745 257 273
746 257 273
747 258 274
748 257 275
749 257 274
750 257 275
751 257 276
752 257 276
753 257 277
754 257 277
755 257 277
756 257 278
757 257 278
758 257 278
759 257 279
760 256 280
761 257 279
762 257 280
763 257 280
764 257 281
765 256 282
766 256 282
767 256 283
768 257 283
769 257 284
770 257 284
771 256 286
772 256 286
773 256 287
774 256 288
775 256 288
776 256 289
777 256 290
778 256 290
779 256 291
780 256 292
781 256 292
782 256 293
783 256 293
784 256 294
785 256 294
786 256 295
787 256 295
788 255 296
789 255 296
790 255 298
791 256 297
792 255 298
793 255 298
794 255 298
795 255 298
796 255 299
797 255 299
798 255 299
799 255 299
800 255 300
801 255 300
802 255 301
803 255 301
804 255 301
805 255 302
806 255 302
807 255 303
808 255 303
809 256 304
810 256 304
811 256 304
812 256 305
813 256 305
814 257 306
815 256 306
816 256 306
817 257 307
818 256 307
819 257 308
820 257 308
821 257 309
822 257 309
823 257 310
824 256 310
825 256 310
826 256 311
827 257 312
828 257 312
829 257 312
830 257 312
831 257 313
832 257 313
833 257 314
834 257 314
835 257 314
836 257 316
837 256 316
838 257 316
839 257 316
840 257 317
841 257 318
842 257 318
843 257 318
844 257 318
845 257 319
846 257 319
847 258 319
848 257 320
849 257 320
850 258 321
851 258 321
852 258 322
853 258 321
854 258 322
855 258 323
856 258 323
857 258 323
858 258 324
859 258 324
860 258 325
861 258 325
862 258 325
863 258 325
864 258 326
865 258 326
866 258 326
867 258 327
868 258 327
869 258 327
870 259 328
871 258 328
872 258 328
873 258 329
874 259 329
875 259 329
876 259 330
877 259 330
878 259 331
879 259 330
880 259 331
881 259 331
882 260 332
883 260 332
884 260 332
885 260 332
886 260 333
887 260 333
888 261 334
889 260 334
890 261 334
891 261 335
892 261 335
893 261 335
894 261 335
895 261 335
896 261 336
897 261 337
898 261 337
899 262 337
900 262 337
901 261 338
902 261 338
903 261 338
904 261 339
905 261 339
906 262 339
907 261 339
908 261 340
909 261 340
910 262 341
911 262 341
912 261 342
913 261 342
914 261 343
915 262 343
916 262 343
917 262 343
918 262 344
919 262 344
920 262 344
921 262 344
922 262 344
923 262 344
924 262 344
925 262 344
926 262 344
927 263 344
928 263 344
929 263 345
930 263 344
931 263 345
932 263 344
933 263 345
934 264 345
935 264 344
936 264 344
937 264 344
938 264 344
939 265 344
940 265 344
941 265 344
942 265 344
943 266 344
944 266 344
945 266 344
946 266 344
947 266 344
948 266 344
949 266 344
950 266 344
951 266 344
952 267 344
953 267 344
954 267 344
955 267 344
956 266 343
957 266 343
958 266 343
959 266 343
960 267 343
961 266 343
962 266 343
963 266 343
964 266 343
965 266 343
966 266 343
967 266 344
968 266 344
969 266 344
970 266 344
971 266 344
972 266 344
973 266 344
974 266 344
975 266 344
976 266 344
977 266 344
978 266 343
979 266 343
980 266 343
981 266 343
982 266 343
983 266 343
984 266 343
985 266 343
986 266 343
987 266 343
988 266 343
989 265 343
990 265 343
991 265 343
992 264 343
993 264 343
994 264 343
995 265 343
996 264 343
997 264 343
998 264 343
999 264 343
1000 264 344
1001 264 344
1002 264 344
1003 264 343
1004 264 343
1005 264 343
1006 264 343
1007 264 343
1008 264 343
1009 264 343
1010 264 343
1011 264 343
1012 264 343
1013 264 344
1014 264 344
1015 264 344
1016 264 344
1017 264 344
1018 264 344
1019 264 344
1020 264 344
1021 265 345
1022 265 345
1023 265 345
1024 265 345
1025 265 346
1026 265 346
1027 265 346
1028 265 346
1029 265 346
1030 265 346
1031 265 345
1032 265 345
1033 265 345
1034 265 345
1035 265 345
1036 264 345
1037 264 345
1038 264 345
1039 264 345
1040 264 345
1041 264 345
1042 264 345
1043 264 345
1044 264 345
1045 264 345
1046 264 345
1047 264 346
1048 264 346
1049 264 346
1050 264 346
1051 264 345
1052 264 345
1053 264 345
1054 264 345
1055 264 345
1056 264 345
1057 264 345
1058 264 345
1059 264 345
1060 264 346
1061 264 345
1062 264 345
1063 264 345
1064 265 345
1065 265 345
1066 265 345
1067 265 345
1068 265 345
1069 265 345
1070 265 345
1071 265 345
1072 266 345
1073 266 345
1074 266 345
1075 266 345
1076 266 345
1077 266 345
1078 266 345
1079 266 345
1080 266 345
1081 266 344
1082 266 344
1083 267 344
1084 267 344
1085 267 345
1086 268 345
1087 268 345
1088 267 345
1089 267 345
1090 267 345
1091 267 345
1092 267 345
1093 268 345
1094 268 345
1095 267 344
1096 267 344
1097 267 344
1098 267 344
1099 267 344
1100 267 344
1101 267 344
1102 267 344
1103 267 344
1104 268 345
1105 268 345
1106 268 345
1107 268 344
1108 268 344
1109 268 344
1110 268 344
1111 268 344
1112 268 344
1113 268 344
1114 268 344
1115 268 344
