1 129 134
2 128 134
3 128 133
4 128 132
5 127 132
6 126 131
7 126 131
8 126 131
9 126 131
10 126 131
11 126 131
12 127 133
13 127 133
14 127 133
15 127 133
16 128 134
17 128 134
18 128 134
19 128 135
20 128 135
21 128 135
22 127 135
23 127 135
24 127 135
25 126 135
26 126 135
27 125 136
28 125 135
29 125 135
30 124 134
31 124 133
32 124 133
33 123 133
34 123 133
35 123 133
36 123 133
37 123 133
38 123 133
39 122 133
40 122 133
41 122 133
42 122 133
43 122 134
44 122 134
45 122 134
46 122 134
47 122 135
48 122 135
49 121 135
50 122 136
51 122 136
52 121 136
53 122 137
54 121 137
55 122 138
56 122 138
57 121 138
58 121 138
59 122 139
60 121 139
61 121 139
62 121 139
63 121 139
64 121 139
65 121 139
66 121 139
67 121 139
68 121 139
69 121 139
70 122 139
71 122 139
72 122 139
73 122 139
74 122 139
75 122 139
76 122 139
77 122 139
78 122 139
79 122 139
80 122 139
81 122 140
82 122 139
83 122 140
84 122 140
85 122 140
86 122 140
87 122 140
88 122 140
89 122 141
90 122 141
91 122 141
92 122 141
93 122 141
94 122 141
95 122 141
96 122 141
97 122 141
98 122 141
99 122 141
100 122 141
101 122 141
102 122 140
103 122 140
104 122 140
105 122 140
106 122 140
107 122 140
108 122 140
109 122 139
110 122 139
111 122 139
112 122 139
113 122 139
114 122 140
115 123 140
116 123 140
117 123 140
118 123 140
119 123 141
120 124 141
121 123 140
122 123 140
123 124 141
124 124 141
125 124 141
126 124 141
127 124 141
128 125 141
129 125 141
130 125 141
131 125 141
132 126 140
133 126 141
134 126 140
135 126 140
136 126 140
137 126 140
138 126 140
139 126 140
140 125 140
141 125 140
142 125 141
143 125 140
144 126 140
145 126 140
146 126 141
147 126 141
148 126 141
149 126 142
150 125 141
151 126 142
152 126 142
153 126 142
154 126 142
155 126 143
156 126 143
157 126 143
158 126 143
159 126 143
160 126 144
161 126 144
162 126 144
163 126 144
164 126 144
165 126 144
166 126 145
167 126 145
168 126 145
169 126 145
170 126 145
171 126 145
172 126 145
173 126 145
174 126 144
175 126 144
176 126 144
177 126 144
178 126 144
179 126 143
180 127 143
181 128 143
182 128 142
183 128 142
184 128 142
185 128 142
186 129 141
187 130 141
188 130 141
189 131 140
190 131 140
191 131 139
192 132 139
193 132 139
194 132 138
195 133 138
196 134 137
197 134 137
198 134 137
199 135 136
200 135 136
201 136 135
202 136 135
203 137 135
204 138 134
205 138 135
206 139 134
207 139 134
208 140 134
209 141 134
210 141 133
211 142 134
212 142 133
213 141 133
214 142 133
215 143 133
216 143 132
217 143 133
218 144 132
219 144 132
220 144 132
221 144 132
222 145 132
223 145 132
224 145 131
225 146 132
226 147 132
227 146 132
228 146 131
229 146 131
230 147 131
231 147 131
232 147 131
233 147 131
234 148 131
235 148 131
236 148 131
237 148 131
238 148 130
239 148 130
240 149 130
241 150 130
242 150 129
243 150 129
244 150 129
245 150 129
246 151 129
247 151 128
248 151 128
249 151 128
250 151 128
251 152 128
252 152 128
253 153 128
254 153 127
255 153 127
256 153 127
257 154 127
258 154 126
259 155 126
260 155 126
261 155 125
262 156 125
263 156 125
264 156 125
265 157 125
266 157 124
267 157 124
268 158 125
269 159 124
270 159 124
271 160 123
272 160 123
273 161 123
274 161 123
275 162 122
276 163 122
277 163 122
278 164 121
279 164 121
280 165 121
281 166 121
282 167 121
283 167 121
284 168 121
285 168 121
286 168 120
287 169 119
288 169 119
289 170 119
290 170 119
291 171 119
292 172 118
293 172 117
294 173 118
295 173 117
296 174 117
297 174 117
298 175 117
299 175 117
300 176 117
301 177 117
302 177 116
303 178 116
304 179 117
305 179 116
306 180 115
307 181 116
308 182 116
309 183 116
310 183 115
311 184 115
312 184 114
313 185 114
314 187 114
315 187 114
316 187 114
317 188 113
318 189 113
319 189 113
320 190 113
321 191 113
322 191 113
323 192 112
324 192 112
325 193 112
326 194 112
327 194 112
328 195 111
329 195 111
330 196 111
331 197 110
332 197 110
333 198 110
334 198 110
335 198 110
336 199 110
337 199 109
338 199 109
339 200 108
340 200 108
341 201 108
342 201 108
343 202 110
344 202 110
345 203 109
346 203 109
347 203 110
348 203 108
349 204 108
350 204 108
351 205 109
352 205 108
353 205 108
354 206 108
355 207 109
356 207 108
357 208 109
358 209 109
359 209 109
360 210 108
361 211 109
362 211 109
363 212 110
364 213 110
365 213 110
366 214 111
367 214 110
368 215 112
369 216 111
370 216 112
371 216 112
372 217 112
373 217 112
374 218 111
375 218 111
376 219 111
377 219 112
378 219 111
379 220 112
380 220 111
381 221 112
382 221 112
383 221 112
384 222 112
385 222 112
386 222 112
387 222 112
388 223 112
389 224 111
390 224 113
391 224 113
392 224 114
393 225 114
394 225 113
395 225 114
396 226 114
397 226 114
398 227 114
399 227 114
400 228 114
401 228 115
402 228 115
403 229 116
404 229 115
405 230 116
406 230 115
407 231 116
408 231 116
409 232 116
410 233 116
411 233 117
412 233 117
413 234 118
414 233 118
415 235 118
416 235 119
417 236 119
418 235 120
419 236 120
420 236 121
421 237 121
422 238 121
423 238 122
424 239 122
425 239 124
426 239 124
427 240 124
428 240 124
429 240 125
430 241 125
431 242 125
432 242 126
433 242 126
434 241 127
435 243 127
436 243 128
437 243 128
438 244 129
439 244 130
440 244 131
441 243 131
442 243 132
443 245 132
444 243 133
445 245 133
446 244 135
447 244 136
448 243 137
449 243 137
450 246 137
451 244 137
452 244 138
453 244 138
454 244 139
455 245 139
456 245 139
457 245 140
458 245 140
459 245 140
460 244 142
461 243 142
462 245 142
463 245 142
464 245 143
465 243 144
466 245 144
467 244 144
468 244 145
469 245 145
470 244 146
471 244 146
472 245 146
473 245 147
474 246 148
475 245 148
476 245 148
477 245 149
478 246 149
479 246 149
480 244 150
481 245 150
482 245 150
483 245 150
484 245 150
485 245 151
486 245 152
487 246 152
488 245 153
489 246 153
490 246 154
491 246 154
492 246 155
493 246 156
494 246 157
495 246 157
496 246 159
497 246 159
498 247 159
499 248 160
500 248 160
501 248 161
502 248 162
503 246 162
504 248 163
505 247 163
506 248 164
507 248 164
508 247 164
509 246 165
510 248 165
511 247 166
512 246 166
513 246 167
514 247 168
515 246 168
516 247 169
517 247 170
518 247 171
519 247 171
520 248 172
521 248 173
522 248 174
523 248 175
524 248 175
525 248 177
526 249 177
527 249 178
528 248 179
529 249 179
530 250 181
531 250 181
532 250 181
533 251 182
534 250 182
535 250 183
536 251 185
537 250 185
538 250 185
539 251 187
540 250 187
541 251 187
542 251 188
543 251 189
544 250 190
545 251 191
546 250 192
547 250 193
548 250 193
549 250 195
550 251 196
551 250 197
552 250 198
553 251 199
554 250 200
555 251 202
556 250 203
557 251 204
558 250 205
559 251 206
560 251 207
561 251 209
562 251 210
563 251 211
564 251 211
565 251 213
566 251 214
567 251 214
568 252 215
569 252 216
570 252 217
571 252 218
572 252 218
573 252 219
574 252 220
575 252 221
576 252 222
577 252 223
578 252 224
579 252 225
580 252 225
581 252 226
582 252 228
583 252 228
584 251 230
585 252 230
586 251 231
587 252 232
588 252 233
589 252 234
590 251 235
591 252 236
592 251 237
593 251 238
594 252 239
595 252 240
596 252 241
597 252 242
598 252 243
599 251 244
600 252 245
601 252 246
602 252 247
603 252 248
604 252 248
605 252 249
606 253 250
607 253 251
608 253 252
609 253 253
610 253 254
611 253 254
612 254 256
613 254 256
614 254 257
615 254 258
616 254 259
617 254 260
618 254 260
619 254 261
620 254 261
621 254 262
622 255 263
623 254 263
624 255 263
625 254 264
626 255 265
627 255 266
628 255 266
629 255 267
630 255 267
631 255 268
632 256 269
633 255 269
634 255 270
635 255 271
636 255 271
637 255 272
638 256 273
639 256 273
640 255 274
641 256 275
642 256 276
643 255 277
644 255 277
645 256 279
646 256 279
647 255 281
648 255 281
649 256 282
650 255 283
651 256 284
652 255 285
653 256 285
654 256 286
655 256 287
656 256 288
657 256 288
658 256 289
659 256 290
660 257 291
661 256 291
662 256 291
663 256 292
664 257 292
665 257 293
666 257 294
667 257 294
668 257 294
669 257 295
670 258 295
671 257 296
672 257 296
673 257 296
674 257 297
675 257 298
676 257 298
677 257 299
678 257 300
679 257 300
680 257 301
681 257 302
682 257 302
683 257 303
684 257 304
685 257 304
686 257 305
687 257 306
688 257 306
689 257 307
690 257 308
691 258 308
692 258 309
693 258 309
694 258 310
695 258 310
696 258 311
697 258 311
698 258 312
699 258 312
700 258 312
701 258 312
702 258 312
703 258 312
704 259 313
705 259 313
706 259 313
707 260 314
708 259 315
709 260 315
710 260 315
711 260 316
712 260 316
713 260 316
714 260 317
715 261 317
716 261 318
717 261 318
718 261 318
719 261 319
720 261 319
721 261 319
722 261 320
723 261 320
724 262 320
725 262 320
726 262 320
727 262 320
728 262 320
729 262 321
730 263 321
731 263 321
732 262 321
733 263 321
734 263 322
735 263 322
736 263 322
737 263 323
738 263 323
739 263 323
740 263 324
741 263 324
742 263 324
743 262 324
744 263 325
745 262 325
746 262 325
747 262 326
748 262 326
749 262 326
750 261 327
751 261 327
752 262 327
753 261 327
754 262 328
755 261 328
756 262 327
757 262 328
758 261 327
759 261 328
760 261 329
761 261 328
762 261 328
763 261 328
764 261 328
765 261 328
766 261 328
767 260 328
768 260 329
769 260 329
770 260 328
771 260 328
772 260 327
773 260 327
774 260 327
775 260 327
776 260 327
777 260 327
778 260 327
779 260 327
780 260 327
781 259 327
782 259 327
783 259 326
784 259 327
785 259 327
786 259 327
787 259 327
788 259 327
789 259 327
790 259 327
791 259 327
792 258 326
793 258 327
794 258 326
795 258 326
796 258 327
797 258 327
798 257 327
799 258 327
800 257 327
801 257 327
802 257 326
803 257 326
804 256 326
805 256 326
806 256 326
807 256 326
808 256 326
809 256 326
810 256 326
811 255 327
812 255 327
813 255 326
814 255 326
815 254 326
816 254 326
817 254 327
818 254 326
819 254 326
820 254 326
821 254 327
822 254 327
823 254 327
824 254 326
825 254 326
826 254 326
827 254 326
828 254 326
829 254 326
830 254 326
831 254 326
832 253 326
833 253 326
834 253 326
835 253 326
836 253 326
837 253 326
838 253 326
839 253 326
840 253 326
841 253 327
842 253 327
843 253 327
844 253 327
845 253 327
846 253 327
847 253 327
848 253 326
849 253 326
850 253 326
851 252 326
852 252 326
853 252 326
854 252 326
855 252 325
856 252 325
857 252 325
858 252 325
859 252 325
860 251 325
861 251 325
862 252 326
863 252 326
864 252 326
865 252 326
866 252 326
867 252 326
868 252 326
869 252 326
870 252 326
871 252 327
872 252 327
873 252 327
874 251 327
875 251 327
876 251 327
877 251 327
878 251 327
879 251 327
880 251 326
881 251 326
882 251 327
883 251 327
884 251 327
885 251 327
886 251 327
887 251 327
888 251 327
889 251 326
890 251 326
891 251 326
892 250 326
893 250 325
894 251 326
895 250 326
896 250 326
