1 132 156
2 132 156
3 132 156
4 132 156
5 132 156
6 132 156
7 133 157
8 132 156
9 132 156
10 132 156
11 132 156
12 132 156
13 132 156
14 132 156
15 132 156
16 132 157
17 131 156
18 131 157
19 131 157
20 131 157
21 131 157
22 131 157
23 131 158
24 131 159
25 130 159
26 130 159
27 130 160
28 130 160
29 130 161
30 130 161
31 130 162
32 130 162
33 130 162
34 130 162
35 130 162
36 130 163
37 131 163
38 131 164
39 131 164
40 131 164
41 131 164
42 131 164
43 131 163
44 131 163
45 131 163
46 131 163
47 131 163
48 131 163
49 131 163
50 131 163
51 131 163
52 131 163
53 131 163
54 131 163
55 131 163
56 131 163
57 131 163
58 131 163
59 131 163
60 131 163
61 132 163
62 132 163
63 132 163
64 132 164
65 132 164
66 132 164
67 132 164
68 132 164
69 132 164
70 132 164
71 132 164
72 132 164
73 132 164
74 132 163
75 132 163
76 132 164
77 132 164
78 132 163
79 132 164
80 131 163
81 131 163
82 132 163
83 132 163
84 132 163
85 132 163
86 132 163
87 131 163
88 132 163
89 132 163
90 132 163
91 132 163
92 132 163
93 132 163
94 132 163
95 132 163
96 132 163
97 132 164
98 133 164
99 133 163
100 134 164
101 134 164
102 134 164
103 135 164
104 135 164
105 135 164
106 135 165
107 136 165
108 136 165
109 137 165
110 137 165
111 137 165
112 137 165
113 137 165
114 138 165
115 138 165
116 138 165
117 138 165
118 139 165
119 139 164
120 139 164
121 139 163
122 140 163
123 140 163
124 140 163
125 141 163
126 141 163
127 141 163
128 142 163
129 142 163
130 143 163
131 143 162
132 143 162
133 143 162
134 144 162
135 145 162
136 145 161
137 145 161
138 145 161
139 146 161
140 146 160
141 146 160
142 147 160
143 147 160
144 147 160
145 148 159
146 148 159
147 148 159
148 149 159
149 149 159
150 149 159
151 149 157
152 150 157
153 150 158
154 150 157
155 150 156
156 150 156
157 150 156
158 150 156
159 150 156
160 150 156
161 150 155
162 151 155
163 151 155
164 151 155
165 151 155
166 151 154
167 151 154
168 151 154
169 152 154
170 152 154
171 152 153
172 152 153
173 152 153
174 152 153
175 152 153
176 152 153
177 153 153
178 153 153
179 153 153
180 153 152
181 153 152
182 153 152
183 153 152
184 153 152
185 154 152
186 154 152
187 154 152
188 154 152
189 154 151
190 155 151
191 155 152
192 155 152
193 155 152
194 156 151
195 156 151
196 156 151
197 156 151
198 157 151
199 157 152
200 158 152
201 158 151
202 158 151
203 159 151
204 159 152
205 160 151
206 160 151
207 160 151
208 161 151
209 161 151
210 162 151
211 163 151
212 163 151
213 163 150
214 164 150
215 164 150
216 165 150
217 165 150
218 166 150
219 166 149
220 166 149
221 167 149
222 168 149
223 168 149
224 168 148
225 168 148
226 169 148
227 170 148
228 170 148
229 170 148
230 171 148
231 171 148
232 172 147
233 171 147
234 173 146
235 173 147
236 174 147
237 174 145
238 175 145
239 175 146
240 176 145
241 177 145
242 177 144
243 178 144
244 179 144
245 179 143
246 179 143
247 180 143
248 181 142
249 181 142
250 182 141
251 182 141
252 182 140
253 183 141
254 184 140
255 185 140
256 185 140
257 186 139
258 187 139
259 187 139
260 187 139
261 188 139
262 188 139
263 189 139
264 189 139
265 190 139
266 191 139
267 191 138
268 191 138
269 192 139
270 193 138
271 193 138
272 194 137
273 195 137
274 195 136
275 196 137
276 197 136
277 198 136
278 198 136
279 198 135
280 199 135
281 199 135
282 200 135
283 200 134
284 201 135
285 201 134
286 201 134
287 202 135
288 202 134
289 202 133
290 203 134
291 204 134
292 204 134
293 205 133
294 205 133
295 205 134
296 206 134
297 206 134
298 206 134
299 207 134
300 208 134
301 208 134
302 209 133
303 209 134
304 210 134
305 211 133
306 211 132
307 212 132
308 212 133
309 212 132
310 213 133
311 213 133
312 214 133
313 214 133
314 215 133
315 216 132
316 216 133
317 216 133
318 217 133
319 217 133
320 218 133
321 219 133
322 219 133
323 219 133
324 220 133
325 220 133
326 221 133
327 221 133
328 222 133
329 222 133
330 223 134
331 224 134
332 224 134
333 225 134
334 225 135
335 226 135
336 226 135
337 227 136
338 227 136
339 227 136
340 228 137
341 229 137
342 229 137
343 229 138
344 230 138
345 230 138
346 231 139
347 231 139
348 231 140
349 232 140
350 232 140
351 233 140
352 233 141
353 233 141
354 234 141
355 234 142
356 234 142
357 234 143
358 234 143
359 235 144
360 235 144
361 235 144
362 235 145
363 235 145
364 235 145
365 236 146
366 236 146
367 236 147
368 236 147
369 236 147
370 236 148
371 236 147
372 236 148
373 236 148
374 237 148
375 237 149
376 237 148
377 237 149
378 237 150
379 237 150
380 237 150
381 237 150
382 238 150
383 238 151
384 239 151
385 239 152
386 239 152
387 240 153
388 240 152
389 240 153
390 241 153
391 241 153
392 241 154
393 241 155
394 242 155
395 242 156
396 242 157
397 243 156
398 243 156
399 243 157
400 243 157
401 242 158
402 243 158
403 243 159
404 244 159
405 243 159
406 244 161
407 245 161
408 244 161
409 245 162
410 245 162
411 245 163
412 245 163
413 245 164
414 245 165
415 244 165
416 245 166
417 244 166
418 244 167
419 244 167
420 244 168
421 244 168
422 244 169
423 245 169
424 243 170
425 244 171
426 243 171
427 244 172
428 243 172
429 244 173
430 243 173
431 243 174
432 244 174
433 244 175
434 243 175
435 243 176
436 243 176
437 243 177
438 243 178
439 243 178
440 243 179
441 243 179
442 243 180
443 242 180
444 242 181
445 243 181
446 243 182
447 243 182
448 242 183
449 242 184
450 243 184
451 243 184
452 243 184
453 243 185
454 244 185
455 243 187
456 244 187
457 244 187
458 243 188
459 244 189
460 245 190
461 244 190
462 244 191
463 244 192
464 245 192
465 245 193
466 246 194
467 246 194
468 246 195
469 246 196
470 245 196
471 247 197
472 246 198
473 246 199
474 247 199
475 247 199
476 247 200
477 247 201
478 247 202
479 248 203
480 247 203
481 247 204
482 247 205
483 248 206
484 247 206
485 247 207
486 247 208
487 248 208
488 247 209
489 247 209
490 248 210
491 247 210
492 247 211
493 247 211
494 247 212
495 247 212
496 247 213
497 246 213
498 247 213
499 247 214
500 247 215
501 247 215
502 246 215
503 247 217
504 248 218
505 247 218
506 247 219
507 247 219
508 247 220
509 247 221
510 247 221
511 247 223
512 247 223
513 247 224
514 246 225
515 247 225
516 246 227
517 246 227
518 247 228
519 246 229
520 247 230
521 247 230
522 247 231
523 247 232
524 247 233
525 247 233
526 248 233
527 247 234
528 248 235
529 248 236
530 248 236
531 247 237
532 248 238
533 249 238
534 249 238
535 248 240
536 249 240
537 248 240
538 248 241
539 248 242
540 249 242
541 251 243
542 250 243
543 250 244
544 251 244
545 250 244
546 251 244
547 250 246
548 251 246
549 251 246
550 252 247
551 252 247
552 252 248
553 252 248
554 252 250
555 252 250
556 252 250
557 252 251
558 253 251
559 252 252
560 253 253
561 252 253
562 253 254
563 254 255
564 253 256
565 254 256
566 253 257
567 254 258
568 254 259
569 255 259
570 255 260
571 255 260
572 255 261
573 256 262
574 255 262
575 256 263
576 257 264
577 256 265
578 257 265
579 257 267
580 257 267
581 257 268
582 257 269
583 258 270
584 259 270
585 259 271
586 260 273
587 259 273
588 260 274
589 260 275
590 260 275
591 260 277
592 260 277
593 260 278
594 260 278
595 260 278
596 260 279
597 260 280
598 261 280
599 261 281
600 261 281
601 261 282
602 261 283
603 261 283
604 261 283
605 261 284
606 261 285
607 261 284
608 261 286
609 262 286
610 261 286
611 261 287
612 261 288
613 260 289
614 261 290
615 260 291
616 260 291
617 260 291
618 260 292
619 260 293
620 260 294
621 260 295
622 260 296
623 260 296
624 260 297
625 260 297
626 259 298
627 260 298
628 259 299
629 260 299
630 259 300
631 259 300
632 259 301
633 260 301
634 260 302
635 260 302
636 260 302
637 260 303
638 260 303
639 260 304
640 260 304
641 259 304
642 260 305
643 259 305
644 260 307
645 260 307
646 259 308
647 259 308
648 259 308
649 259 310
650 259 310
651 259 310
652 260 311
653 259 311
654 259 312
655 259 313
656 259 313
657 259 314
658 259 314
659 259 314
660 259 314
661 260 315
662 259 315
663 259 316
664 259 316
665 259 317
666 259 317
667 259 318
668 259 318
669 259 319
670 259 319
671 259 319
672 259 319
673 259 320
674 259 320
675 259 321
676 259 322
677 259 322
678 259 323
679 259 323
680 259 324
681 259 324
682 259 325
683 259 325
684 259 326
685 259 327
686 260 327
687 260 328
688 260 328
689 260 330
690 260 331
691 261 332
692 261 333
693 261 334
694 261 334
695 261 335
696 261 336
697 261 336
698 262 336
699 262 337
700 262 338
701 262 338
702 262 339
703 262 339
704 262 340
705 263 340
706 262 340
707 262 341
708 262 341
709 263 342
710 263 342
711 263 343
712 263 343
713 263 344
714 262 344
715 263 345
716 262 344
717 263 346
718 263 346
719 262 346
720 262 346
721 263 348
722 263 349
723 263 349
724 263 349
725 263 349
726 263 349
727 263 350
728 263 350
729 263 351
730 263 351
731 262 351
732 262 352
733 262 352
734 262 353
735 262 353
736 262 353
737 262 354
738 262 354
739 262 354
740 262 354
741 262 355
742 261 355
743 262 356
744 262 356
745 261 357
746 262 358
747 262 358
748 262 358
749 262 358
750 262 359
751 262 360
752 262 360
753 262 360
754 262 361
755 263 361
756 263 361
757 263 361
758 263 362
759 264 362
760 263 362
761 264 363
762 264 363
763 264 364
764 265 365
765 264 365
766 265 365
767 265 365
768 265 366
769 265 366
770 265 366
771 266 367
772 266 367
773 267 367
774 267 367
775 267 367
776 267 367
777 267 367
778 267 367
779 267 367
780 267 367
781 267 367
782 267 367
783 268 366
784 268 366
785 268 366
786 268 366
787 268 366
788 268 366
789 268 366
790 268 367
791 268 367
792 268 367
793 268 367
794 268 367
795 268 367
796 268 367
797 269 367
798 269 367
799 269 367
800 269 367
801 269 367
802 269 366
803 269 366
804 269 366
805 270 366
806 270 366
807 269 365
808 270 365
809 270 364
810 270 363
811 270 363
812 270 363
813 270 363
814 269 362
815 269 362
816 269 361
817 269 361
818 269 360
819 269 359
820 269 359
821 269 359
822 268 359
823 268 358
824 268 358
825 268 357
826 268 357
827 268 356
828 268 356
829 268 355
830 268 355
831 268 354
832 268 354
833 267 354
834 267 353
835 267 353
836 267 353
837 267 352
838 267 352
839 266 352
840 267 351
841 266 351
842 266 351
843 267 350
844 267 350
845 266 349
846 266 349
847 266 349
848 266 348
849 266 348
850 266 347
851 266 348
852 266 347
853 266 348
854 266 347
855 265 346
856 265 346
857 266 346
858 266 345
859 265 345
860 265 345
861 266 345
862 266 344
863 265 343
864 265 344
865 266 343
866 266 343
867 265 343
868 265 343
869 265 342
870 265 343
871 265 342
872 265 342
873 265 342
874 265 341
875 265 341
876 265 340
877 265 340
878 265 340
879 266 340
880 265 339
881 265 338
882 265 338
883 265 338
884 266 338
885 266 338
886 266 338
887 266 337
888 267 337
889 266 337
890 266 336
891 266 335
892 267 335
893 266 335
894 267 335
895 267 334
896 267 333
897 267 333
898 267 333
899 267 333
900 267 332
901 268 331
902 267 331
903 268 331
904 268 330
905 268 330
906 269 330
907 269 329
908 269 328
909 268 328
910 269 327
911 269 327
912 268 327
913 268 326
914 269 326
915 269 325
916 269 325
917 269 324
918 269 324
919 269 323
920 269 323
921 269 322
922 269 322
923 269 321
924 269 320
925 269 319
926 269 319
927 269 319
928 269 318
929 269 318
930 269 317
931 270 316
932 269 316
933 269 315
934 269 315
935 269 313
936 269 314
937 269 314
938 269 313
939 269 313
940 269 312
941 269 312
942 269 312
943 269 311
944 268 312
945 268 311
946 268 311
947 268 310
948 268 310
949 268 309
950 268 309
951 268 309
952 267 308
953 267 308
954 268 307
955 267 307
956 267 306
957 267 306
958 267 305
959 267 305
960 267 304
961 267 304
962 267 304
963 267 303
964 267 303
965 267 302
966 267 302
967 267 301
968 267 301
969 267 300
970 267 300
971 267 299
972 267 299
973 267 299
974 267 299
975 267 298
976 267 298
977 267 297
978 266 298
979 267 298
980 267 297
981 267 297
982 266 297
983 266 296
984 267 295
985 267 295
986 267 295
987 266 295
988 267 295
989 266 294
990 267 294
991 266 294
992 267 294
993 267 294
994 267 294
995 267 294
996 267 293
997 267 293
998 267 292
999 267 292
1000 267 292
1001 267 291
1002 267 291
1003 267 291
1004 267 291
1005 268 290
1006 267 290
1007 267 289
1008 268 289
1009 268 288
1010 268 287
1011 268 287
1012 268 286
1013 268 285
1014 268 285
1015 268 284
1016 269 284
1017 268 283
1018 268 282
1019 268 282
1020 268 282
1021 268 282
1022 268 281
1023 268 281
1024 268 280
1025 268 280
1026 268 280
1027 268 279
1028 267 279
1029 267 278
1030 267 277
1031 267 277
1032 266 277
1033 267 275
1034 267 275
1035 266 275
1036 267 273
1037 266 273
1038 267 272
1039 266 271
1040 266 270
1041 266 270
1042 265 269
1043 265 268
1044 264 267
1045 264 267
1046 264 266
1047 264 266
1048 264 266
1049 264 265
1050 263 264
1051 263 263
1052 263 263
1053 263 262
1054 264 261
1055 263 260
1056 262 259
1057 263 258
1058 262 258
1059 263 256
1060 263 256
1061 262 255
1062 262 255
1063 262 254
1064 262 254
1065 262 253
1066 262 253
1067 261 252
1068 261 252
1069 262 252
1070 262 252
1071 262 251
1072 263 251
1073 262 250
1074 261 251
1075 261 250
1076 262 250
1077 262 250
1078 261 250
1079 262 250
1080 262 249
1081 262 249
1082 263 249
1083 263 248
1084 262 248
1085 263 248
1086 262 248
1087 263 247
1088 263 246
1089 263 246
1090 263 246
1091 262 246
1092 264 245
1093 263 244
1094 263 244
1095 262 244
1096 262 244
1097 262 244
1098 263 244
1099 262 244
1100 262 244
1101 262 243
1102 262 243
1103 262 242
1104 262 242
1105 262 242
1106 261 242
1107 262 241
1108 261 241
1109 262 240
1110 262 240
1111 262 240
1112 262 239
1113 262 238
1114 263 238
1115 262 238
1116 263 237
1117 262 237
1118 262 236
1119 262 236
1120 262 236
1121 262 235
1122 262 235
1123 262 234
1124 262 234
1125 262 233
1126 262 233
1127 262 233
1128 262 232
1129 262 232
1130 263 232
1131 263 231
1132 263 230
1133 262 230
1134 263 230
1135 263 229
1136 263 229
1137 264 228
1138 263 228
1139 263 228
1140 263 227
1141 263 227
1142 263 227
1143 263 226
1144 263 226
1145 262 226
1146 263 225
1147 263 225
1148 263 224
1149 263 224
1150 263 224
1151 264 223
1152 264 222
1153 263 222
1154 263 222
1155 263 222
1156 264 220
1157 264 220
1158 263 220
1159 263 220
1160 265 220
1161 264 219
1162 264 219
1163 264 218
1164 265 218
1165 265 218
1166 264 217
1167 264 216
1168 264 216
1169 264 216
1170 264 215
1171 265 216
1172 265 216
1173 265 215
1174 266 215
1175 265 214
1176 265 214
1177 265 214
1178 265 214
1179 265 214
1180 265 213
1181 265 213
1182 266 211
1183 265 212
1184 265 212
1185 265 212
1186 265 211
1187 265 210
1188 265 210
1189 265 209
1190 265 209
1191 265 209
1192 265 208
1193 264 208
1194 265 207
1195 266 206
1196 265 206
1197 266 205
1198 264 206
1199 264 205
1200 265 205
1201 264 204
1202 265 204
1203 264 203
1204 264 203
1205 264 202
1206 264 202
1207 264 202
1208 264 201
1209 264 201
1210 264 200
1211 264 200
1212 264 200
1213 264 200
1214 264 200
1215 264 200
1216 263 199
1217 263 198
1218 263 198
1219 264 198
1220 264 198
1221 264 197
1222 262 197
1223 263 196
1224 263 196
1225 263 196
1226 263 195
1227 263 194
1228 263 194
1229 263 194
1230 263 193
1231 264 191
1232 264 191
1233 263 191
1234 264 190
1235 264 190
1236 264 189
1237 263 189
1238 264 189
1239 264 188
1240 263 187
1241 263 186
1242 264 186
1243 264 186
1244 263 186
1245 263 184
1246 263 184
1247 263 184
1248 263 183
1249 263 182
1250 263 181
1251 263 181
1252 263 181
1253 263 180
1254 263 180
1255 263 180
1256 263 179
1257 263 178
1258 263 178
1259 263 177
1260 263 177
1261 263 176
1262 262 177
1263 262 177
1264 262 176
1265 262 176
1266 262 176
1267 261 175
1268 262 174
1269 262 174
1270 262 173
1271 262 172
1272 262 172
1273 262 172
1274 262 171
1275 262 170
1276 262 171
1277 261 171
1278 262 170
1279 262 169
1280 261 168
1281 261 168
1282 262 167
1283 261 167
1284 261 166
1285 261 166
1286 261 166
1287 261 165
1288 262 164
1289 262 164
1290 262 163
1291 262 162
1292 262 162
1293 261 162
1294 262 161
1295 262 161
1296 262 161
1297 262 162
1298 262 161
1299 262 160
1300 262 159
1301 261 159
1302 261 158
1303 263 157
1304 263 156
1305 262 156
1306 263 155
1307 262 156
1308 262 155
1309 262 155
1310 263 154
1311 263 154
1312 262 154
1313 262 153
1314 262 153
1315 262 153
1316 262 153
1317 263 152
1318 264 150
1319 262 151
1320 262 150
1321 263 148
1322 263 149
1323 262 148
1324 262 147
1325 263 146
1326 263 146
1327 263 146
1328 262 145
1329 264 145
1330 262 145
1331 262 145
1332 264 143
1333 263 143
1334 262 143
1335 263 142
1336 263 142
1337 262 142
1338 262 141
1339 262 141
1340 262 140
1341 262 139
1342 262 138
1343 263 137
1344 262 137
1345 264 135
1346 264 135
1347 264 135
1348 264 134
1349 263 135
1350 262 135
1351 263 134
1352 263 134
1353 263 134
1354 263 134
1355 263 134
1356 263 134
1357 263 135
1358 263 135
1359 263 135
1360 263 136
1361 263 136
1362 263 137
1363 263 136
1364 265 136
1365 262 137
1366 262 137
1367 265 136
1368 265 136
1369 263 138
1370 263 138
1371 263 138
1372 263 138
1373 263 138
1374 263 138
1375 263 138
1376 263 137
1377 263 137
1378 263 138
1379 263 138
1380 263 138
1381 263 138
1382 263 138
1383 263 139
1384 262 139
1385 262 139
1386 262 139
1387 262 139
1388 262 139
1389 263 140
1390 263 140
1391 263 140
1392 263 140
1393 263 140
1394 263 141
1395 263 141
1396 263 141
1397 263 141
1398 263 141
1399 263 141
1400 263 141
1401 263 141
1402 263 141
1403 263 141
1404 263 141
1405 263 141
1406 263 141
1407 263 141
1408 263 141
1409 263 141
1410 263 141
1411 264 140
1412 264 140
1413 264 140
1414 264 140
1415 264 140
1416 264 140
1417 264 140
1418 265 140
1419 265 140
1420 265 140
1421 265 140
1422 265 140
1423 265 140
1424 265 140
1425 265 140
1426 265 140
1427 265 140
1428 265 140
1429 264 140
1430 264 140
1431 264 140
1432 264 140
1433 265 140
1434 264 140
1435 264 140
1436 265 141
1437 265 141
1438 265 141
1439 265 141
1440 265 141
1441 265 142
1442 265 142
1443 265 142
