2 -0.667763 0.387255 0 0
3 -0.667763 0.387255 0 0
4 -0.667763 0.387255 0 0
5 -0.667763 0.389706 0 0.002451
6 -0.667763 0.389706 0 0
7 -0.667763 0.389706 0 0
8 -0.667763 0.389706 0 0
9 -0.667763 0.389706 0 0
10 -0.667763 0.389706 0 0
11 -0.667763 0.389706 0 0
12 -0.667763 0.389706 0 0
13 -0.667763 0.389706 0 0
14 -0.667763 0.389706 0 0
15 -0.671053 0.389706 -0.00328946 0
16 -0.671053 0.389706 0 0
17 -0.671053 0.389706 0 0
18 -0.671053 0.389706 0 0
19 -0.671053 0.389706 0 0
20 -0.674342 0.389706 -0.00328946 0
21 -0.674342 0.389706 0 0
22 -0.674342 0.389706 0 0
23 -0.674342 0.392157 0 0.00245097
24 -0.674342 0.392157 0 0
25 -0.677632 0.392157 -0.00328946 0
26 -0.677632 0.394608 0 0.00245097
27 -0.677632 0.394608 0 0
28 -0.677632 0.397059 0 0.00245097
29 -0.677632 0.397059 0 0
30 -0.677632 0.39951 0 0.002451
31 -0.677632 0.39951 0 0
32 -0.677632 0.39951 0 0
33 -0.677632 0.401961 0 0.00245097
34 -0.677632 0.401961 0 0
35 -0.677632 0.401961 0 0
36 -0.677632 0.404412 0 0.00245097
37 -0.674342 0.404412 0.00328946 0
38 -0.674342 0.404412 0 0
39 -0.674342 0.404412 0 0
40 -0.674342 0.404412 0 0
41 -0.674342 0.404412 0 0
42 -0.674342 0.404412 0 0
43 -0.674342 0.404412 0 0
44 -0.671053 0.404412 0.00328946 0
45 -0.671053 0.404412 0 0
46 -0.671053 0.404412 0 0
47 -0.671053 0.404412 0 0
48 -0.671053 0.404412 0 0
49 -0.671053 0.404412 0 0
50 -0.671053 0.404412 0 0
51 -0.671053 0.404412 0 0
52 -0.671053 0.404412 0 0
53 -0.671053 0.404412 0 0
54 -0.671053 0.404412 0 0
55 -0.671053 0.404412 0 0
56 -0.671053 0.404412 0 0
57 -0.671053 0.404412 0 0
58 -0.671053 0.404412 0 0
59 -0.671053 0.404412 0 0
60 -0.671053 0.404412 0 0
61 -0.671053 0.404412 0 0
62 -0.671053 0.404412 0 0
63 -0.671053 0.404412 0 0
64 -0.671053 0.404412 0 0
65 -0.671053 0.404412 0 0
66 -0.671053 0.404412 0 0
67 -0.671053 0.406863 0 0.00245097
68 -0.671053 0.406863 0 0
69 -0.671053 0.406863 0 0
70 -0.671053 0.406863 0 0
71 -0.671053 0.406863 0 0
72 -0.671053 0.406863 0 0
73 -0.671053 0.404412 0 -0.00245097
74 -0.671053 0.404412 0 0
75 -0.671053 0.404412 0 0
76 -0.671053 0.401961 0 -0.00245097
77 -0.674342 0.401961 -0.00328946 0
78 -0.674342 0.401961 0 0
79 -0.674342 0.401961 0 0
80 -0.674342 0.401961 0 0
81 -0.674342 0.401961 0 0
82 -0.674342 0.401961 0 0
83 -0.674342 0.401961 0 0
84 -0.674342 0.401961 0 0
85 -0.674342 0.401961 0 0
86 -0.671053 0.401961 0.00328946 0
87 -0.671053 0.401961 0 0
88 -0.671053 0.401961 0 0
89 -0.671053 0.401961 0 0
90 -0.671053 0.401961 0 0
91 -0.671053 0.401961 0 0
92 -0.671053 0.401961 0 0
93 -0.671053 0.401961 0 0
94 -0.671053 0.401961 0 0
95 -0.671053 0.404412 0 0.00245097
96 -0.667763 0.404412 0.00328946 0
97 -0.667763 0.404412 0 0
98 -0.667763 0.404412 0 0
99 -0.664474 0.404412 0.00328946 0
100 -0.664474 0.404412 0 0
101 -0.664474 0.404412 0 0
102 -0.661184 0.404412 0.00328952 0
103 -0.661184 0.404412 0 0
104 -0.661184 0.404412 0 0
105 -0.661184 0.404412 0 0
106 -0.657895 0.406863 0.00328946 0.00245097
107 -0.657895 0.406863 0 0
108 -0.657895 0.406863 0 0
109 -0.657895 0.406863 0 0
110 -0.654605 0.406863 0.00328946 0
111 -0.654605 0.406863 0 0
112 -0.654605 0.406863 0 0
113 -0.651316 0.406863 0.00328946 0
114 -0.651316 0.406863 0 0
115 -0.651316 0.406863 0 0
116 -0.651316 0.406863 0 0
117 -0.648026 0.406863 0.00328952 0
118 -0.648026 0.404412 0 -0.00245097
119 -0.648026 0.406863 0 0.00245097
120 -0.644737 0.406863 0.00328946 0
121 -0.644737 0.404412 0 -0.00245097
122 -0.644737 0.404412 0 0
123 -0.644737 0.404412 0 0
124 -0.641447 0.404412 0.00328946 0
125 -0.641447 0.401961 0 -0.00245097
126 -0.641447 0.401961 0 0
127 -0.638158 0.401961 0.00328946 0
128 -0.638158 0.401961 0 0
129 -0.638158 0.401961 0 0
130 -0.634868 0.401961 0.00328946 0
131 -0.634868 0.401961 0 0
132 -0.634868 0.39951 0 -0.00245097
133 -0.631579 0.39951 0.00328952 0
134 -0.631579 0.39951 0 0
135 -0.628289 0.39951 0.00328946 0
136 -0.628289 0.39951 0 0
137 -0.628289 0.397059 0 -0.002451
138 -0.625 0.397059 0.00328946 0
139 -0.625 0.397059 0 0
140 -0.625 0.397059 0 0
141 -0.621711 0.397059 0.00328946 0
142 -0.621711 0.394608 0 -0.00245097
143 -0.621711 0.394608 0 0
144 -0.618421 0.394608 0.00328946 0
145 -0.618421 0.394608 0 0
146 -0.618421 0.394608 0 0
147 -0.615132 0.394608 0.00328952 0
148 -0.615132 0.392157 0 -0.00245097
149 -0.615132 0.392157 0 0
150 -0.615132 0.392157 0 0
151 -0.615132 0.389706 0 -0.00245097
152 -0.611842 0.389706 0.00328946 0
153 -0.611842 0.389706 0 0
154 -0.611842 0.389706 0 0
155 -0.611842 0.389706 0 0
156 -0.611842 0.387255 0 -0.002451
157 -0.611842 0.387255 0 0
158 -0.611842 0.384804 0 -0.00245097
159 -0.611842 0.384804 0 0
160 -0.611842 0.384804 0 0
161 -0.611842 0.384804 0 0
162 -0.611842 0.384804 0 0
163 -0.608553 0.382353 0.00328946 -0.00245097
164 -0.608553 0.382353 0 0
165 -0.608553 0.382353 0 0
166 -0.608553 0.382353 0 0
167 -0.605263 0.382353 0.00328946 0
168 -0.608553 0.382353 -0.00328946 0
169 -0.605263 0.382353 0.00328946 0
170 -0.605263 0.382353 0 0
171 -0.605263 0.382353 0 0
172 -0.605263 0.379902 0 -0.00245097
173 -0.605263 0.379902 0 0
174 -0.605263 0.379902 0 0
175 -0.605263 0.379902 0 0
176 -0.601974 0.379902 0.00328946 0
177 -0.601974 0.379902 0 0
178 -0.601974 0.379902 0 0
179 -0.601974 0.379902 0 0
180 -0.601974 0.377451 0 -0.002451
181 -0.601974 0.377451 0 0
182 -0.601974 0.377451 0 0
183 -0.601974 0.377451 0 0
184 -0.601974 0.377451 0 0
185 -0.601974 0.375 0 -0.00245097
186 -0.598684 0.375 0.00328952 0
187 -0.598684 0.375 0 0
188 -0.598684 0.375 0 0
189 -0.595395 0.375 0.00328946 0
190 -0.595395 0.375 0 0
191 -0.595395 0.375 0 0
192 -0.595395 0.375 0 0
193 -0.595395 0.375 0 0
194 -0.595395 0.375 0 0
195 -0.592105 0.375 0.00328946 0
196 -0.592105 0.375 0 0
197 -0.592105 0.375 0 0
198 -0.588816 0.375 0.00328946 0
199 -0.588816 0.375 0 0
200 -0.588816 0.375 0 0
201 -0.585526 0.375 0.00328952 0
202 -0.582237 0.375 0.00328946 0
203 -0.582237 0.375 0 0
204 -0.582237 0.375 0 0
205 -0.578947 0.375 0.00328946 0
206 -0.578947 0.375 0 0
207 -0.578947 0.375 0 0
208 -0.575658 0.375 0.00328946 0
209 -0.572368 0.375 0.00328946 0
210 -0.572368 0.375 0 0
211 -0.572368 0.375 0 0
212 -0.569079 0.375 0.00328952 0
213 -0.569079 0.375 0 0
214 -0.565789 0.375 0.00328946 0
215 -0.565789 0.375 0 0
216 -0.5625 0.375 0.00328946 0
217 -0.5625 0.372549 0 -0.00245097
218 -0.5625 0.372549 0 0
219 -0.559211 0.372549 0.00328946 0
220 -0.559211 0.372549 0 0
221 -0.555921 0.372549 0.00328946 0
222 -0.555921 0.370098 0 -0.002451
223 -0.552632 0.370098 0.00328952 0
224 -0.552632 0.370098 0 0
225 -0.549342 0.370098 0.00328946 0
226 -0.549342 0.370098 0 0
227 -0.546053 0.370098 0.00328946 0
228 -0.546053 0.370098 0 0
229 -0.542763 0.370098 0.00328946 0
230 -0.542763 0.370098 0 0
231 -0.542763 0.367647 0 -0.00245097
232 -0.539474 0.367647 0.00328946 0
233 -0.539474 0.367647 0 0
234 -0.539474 0.365196 0 -0.00245097
235 -0.536184 0.365196 0.00328952 0
236 -0.532895 0.365196 0.00328946 0
237 -0.532895 0.365196 0 0
238 -0.529605 0.362745 0.00328946 -0.00245097
239 -0.526316 0.362745 0.00328946 0
240 -0.526316 0.362745 0 0
241 -0.523026 0.362745 0.00328952 0
242 -0.523026 0.362745 0 0
243 -0.519737 0.360294 0.00328946 -0.002451
244 -0.519737 0.360294 0 0
245 -0.516447 0.360294 0.00328946 0
246 -0.516447 0.357843 0 -0.00245097
247 -0.513158 0.357843 0.00328946 0
248 -0.513158 0.355392 0 -0.00245097
249 -0.509868 0.355392 0.00328946 0
250 -0.509868 0.352941 0 -0.00245097
251 -0.506579 0.35049 0.00328952 -0.002451
252 -0.503289 0.35049 0.00328946 0
253 -0.5 0.35049 0.00328946 0
254 -0.5 0.35049 0 0
255 -0.5 0.35049 0 0
256 -0.496711 0.348039 0.00328946 -0.00245097
257 -0.496711 0.348039 0 0
258 -0.493421 0.348039 0.00328949 0
259 -0.493421 0.348039 0 0
260 -0.490132 0.348039 0.00328946 0
261 -0.486842 0.348039 0.00328949 0
262 -0.486842 0.348039 0 0
263 -0.486842 0.345588 0 -0.00245097
264 -0.483553 0.343137 0.00328946 -0.00245097
265 -0.480263 0.343137 0.00328949 0
266 -0.480263 0.343137 0 0
267 -0.476974 0.343137 0.00328946 0
268 -0.476974 0.343137 0 0
269 -0.476974 0.343137 0 0
270 -0.473684 0.343137 0.00328946 0
271 -0.470395 0.343137 0.00328949 0
272 -0.467105 0.343137 0.00328946 0
273 -0.467105 0.340686 0 -0.002451
274 -0.463816 0.340686 0.00328949 0
275 -0.463816 0.340686 0 0
276 -0.460526 0.340686 0.00328946 0
277 -0.460526 0.340686 0 0
278 -0.457237 0.338235 0.00328946 -0.00245097
279 -0.453947 0.338235 0.00328949 0
280 -0.453947 0.338235 0 0
281 -0.450658 0.340686 0.00328946 0.00245097
282 -0.450658 0.338235 0 -0.00245097
283 -0.450658 0.338235 0 0
284 -0.447368 0.335784 0.00328949 -0.00245097
285 -0.447368 0.335784 0 0
286 -0.447368 0.335784 0 0
287 -0.444079 0.335784 0.00328946 0
288 -0.444079 0.335784 0 0
289 -0.444079 0.333333 0 -0.00245097
290 -0.440789 0.333333 0.00328949 0
291 -0.4375 0.333333 0.00328946 0
292 -0.4375 0.333333 0 0
293 -0.4375 0.333333 0 0
294 -0.4375 0.333333 0 0
295 -0.434211 0.333333 0.00328946 0
296 -0.430921 0.333333 0.00328949 0
297 -0.430921 0.333333 0 0
298 -0.430921 0.333333 0 0
299 -0.427632 0.333333 0.00328946 0
300 -0.424342 0.333333 0.00328949 0
301 -0.427632 0.333333 -0.00328949 0
302 -0.424342 0.333333 0.00328949 0
303 -0.421053 0.333333 0.00328946 0
304 -0.421053 0.330882 0 -0.002451
305 -0.421053 0.330882 0 0
306 -0.417763 0.330882 0.00328949 0
307 -0.414474 0.330882 0.00328946 0
308 -0.414474 0.330882 0 0
309 -0.414474 0.328431 0 -0.00245097
310 -0.411184 0.330882 0.00328946 0.00245097
311 -0.407895 0.328431 0.00328949 -0.00245097
312 -0.407895 0.328431 0 0
313 -0.407895 0.328431 0 0
314 -0.404605 0.328431 0.00328946 0
315 -0.401316 0.328431 0.00328949 0
316 -0.401316 0.328431 0 0
317 -0.398026 0.328431 0.00328946 0
318 -0.394737 0.32598 0.00328946 -0.00245097
319 -0.394737 0.32598 0 0
320 -0.394737 0.328431 0 0.00245097
321 -0.391447 0.328431 0.00328949 0
322 -0.391447 0.328431 0 0
323 -0.388158 0.328431 0.00328946 0
324 -0.388158 0.328431 0 0
325 -0.384868 0.328431 0.00328949 0
326 -0.384868 0.328431 0 0
327 -0.381579 0.328431 0.00328946 0
328 -0.381579 0.328431 0 0
329 -0.381579 0.330882 0 0.00245097
330 -0.378289 0.330882 0.00328949 0
331 -0.378289 0.328431 0 -0.00245097
332 -0.375 0.328431 0.00328946 0
333 -0.375 0.330882 0 0.00245097
334 -0.371711 0.330882 0.00328946 0
335 -0.368421 0.330882 0.00328949 0
336 -0.368421 0.333333 0 0.002451
337 -0.365132 0.333333 0.00328946 0
338 -0.365132 0.333333 0 0
339 -0.361842 0.333333 0.00328949 0
340 -0.361842 0.335784 0 0.00245097
341 -0.361842 0.335784 0 0
342 -0.358553 0.338235 0.00328946 0.00245097
343 -0.358553 0.338235 0 0
344 -0.358553 0.338235 0 0
345 -0.355263 0.340686 0.00328949 0.00245097
346 -0.355263 0.340686 0 0
347 -0.355263 0.343137 0 0.002451
348 -0.351974 0.343137 0.00328946 0
349 -0.348684 0.343137 0.00328946 0
350 -0.348684 0.343137 0 0
351 -0.348684 0.345588 0 0.00245097
352 -0.348684 0.345588 0 0
353 -0.345395 0.345588 0.00328949 0
354 -0.345395 0.345588 0 0
355 -0.345395 0.348039 0 0.00245097
356 -0.342105 0.348039 0.00328946 0
357 -0.342105 0.35049 0 0.00245097
358 -0.342105 0.35049 0 0
359 -0.342105 0.35049 0 0
360 -0.342105 0.352941 0 0.002451
361 -0.342105 0.355392 0 0.00245097
362 -0.342105 0.355392 0 0
363 -0.338816 0.355392 0.00328949 0
364 -0.338816 0.355392 0 0
365 -0.338816 0.357843 0 0.00245097
366 -0.338816 0.357843 0 0
367 -0.338816 0.357843 0 0
368 -0.335526 0.360294 0.00328946 0.00245097
369 -0.335526 0.360294 0 0
370 -0.335526 0.360294 0 0
371 -0.335526 0.360294 0 0
372 -0.335526 0.362745 0 0.002451
373 -0.335526 0.362745 0 0
374 -0.335526 0.362745 0 0
375 -0.335526 0.365196 0 0.00245097
376 -0.335526 0.365196 0 0
377 -0.335526 0.365196 0 0
378 -0.335526 0.367647 0 0.00245097
379 -0.332237 0.365196 0.00328946 -0.00245097
380 -0.332237 0.367647 0 0.00245097
381 -0.332237 0.367647 0 0
382 -0.328947 0.367647 0.00328949 0
383 -0.328947 0.370098 0 0.00245097
384 -0.328947 0.370098 0 0
385 -0.328947 0.372549 0 0.002451
386 -0.328947 0.372549 0 0
387 -0.325658 0.372549 0.00328946 0
388 -0.325658 0.375 0 0.00245097
389 -0.325658 0.377451 0 0.00245097
390 -0.322368 0.377451 0.00328949 0
391 -0.322368 0.377451 0 0
392 -0.322368 0.379902 0 0.002451
393 -0.322368 0.379902 0 0
394 -0.319079 0.382353 0.00328946 0.00245097
395 -0.319079 0.382353 0 0
396 -0.319079 0.382353 0 0
397 -0.315789 0.384804 0.00328949 0.00245097
398 -0.315789 0.384804 0 0
399 -0.315789 0.384804 0 0
400 -0.315789 0.387255 0 0.00245097
401 -0.315789 0.387255 0 0
402 -0.3125 0.389706 0.00328946 0.002451
403 -0.3125 0.389706 0 0
404 -0.3125 0.392157 0 0.00245097
405 -0.315789 0.392157 -0.00328946 0
406 -0.3125 0.394608 0.00328946 0.00245097
407 -0.3125 0.394608 0 0
408 -0.3125 0.397059 0 0.00245097
409 -0.3125 0.397059 0 0
410 -0.309211 0.39951 0.00328946 0.002451
411 -0.3125 0.401961 -0.00328946 0.00245097
412 -0.309211 0.401961 0.00328946 0
413 -0.309211 0.401961 0 0
414 -0.309211 0.404412 0 0.00245097
415 -0.309211 0.406863 0 0.00245097
416 -0.309211 0.406863 0 0
417 -0.309211 0.409314 0 0.002451
418 -0.309211 0.411765 0 0.00245097
419 -0.3125 0.411765 -0.00328946 0
420 -0.309211 0.411765 0.00328946 0
421 -0.309211 0.414216 0 0.00245097
422 -0.309211 0.416667 0 0.00245097
423 -0.3125 0.416667 -0.00328946 0
424 -0.3125 0.419118 0 0.002451
425 -0.3125 0.419118 0 0
426 -0.3125 0.421569 0 0.00245097
427 -0.3125 0.42402 0 0.00245097
428 -0.3125 0.42402 0 0
429 -0.3125 0.42402 0 0
430 -0.3125 0.426471 0 0.00245097
431 -0.3125 0.426471 0 0
432 -0.3125 0.428922 0 0.002451
433 -0.3125 0.431373 0 0.00245097
434 -0.3125 0.431373 0 0
435 -0.3125 0.433824 0 0.00245097
436 -0.3125 0.436274 0 0.00245097
437 -0.3125 0.436274 0 0
438 -0.3125 0.436274 0 0
439 -0.3125 0.438726 0 0.002451
440 -0.3125 0.441176 0 0.00245097
441 -0.315789 0.441176 -0.00328946 0
442 -0.315789 0.443627 0 0.00245097
443 -0.315789 0.443627 0 0
444 -0.3125 0.443627 0.00328946 0
445 -0.3125 0.446078 0 0.00245097
446 -0.315789 0.446078 -0.00328946 0
447 -0.3125 0.448529 0.00328946 0.002451
448 -0.3125 0.45098 0 0.00245097
449 -0.3125 0.45098 0 0
450 -0.3125 0.453431 0 0.00245097
451 -0.3125 0.453431 0 0
452 -0.3125 0.455882 0 0.00245097
453 -0.3125 0.455882 0 0
454 -0.3125 0.458333 0 0.002451
455 -0.3125 0.458333 0 0
456 -0.309211 0.460784 0.00328946 0.00245097
457 -0.309211 0.460784 0 0
458 -0.309211 0.463235 0 0.00245097
459 -0.309211 0.463235 0 0
460 -0.309211 0.465686 0 0.00245097
461 -0.305921 0.465686 0.00328949 0
462 -0.305921 0.468137 0 0.002451
463 -0.305921 0.468137 0 0
464 -0.305921 0.473039 0 0.00490195
465 -0.302632 0.473039 0.00328946 0
466 -0.302632 0.47549 0 0.00245097
467 -0.302632 0.477941 0 0.002451
468 -0.302632 0.477941 0 0
469 -0.299342 0.480392 0.00328949 0.00245097
470 -0.299342 0.482843 0 0.00245097
471 -0.299342 0.482843 0 0
472 -0.299342 0.485294 0 0.00245097
473 -0.299342 0.487745 0 0.002451
474 -0.299342 0.490196 0 0.00245097
475 -0.296053 0.490196 0.00328946 0
476 -0.299342 0.492647 -0.00328946 0.00245097
477 -0.299342 0.495098 0 0.00245097
478 -0.299342 0.497549 0 0.002451
479 -0.296053 0.5 0.00328946 0.00245097
480 -0.299342 0.5 -0.00328946 0
481 -0.296053 0.5 0.00328946 0
482 -0.296053 0.502451 0 0.002451
483 -0.296053 0.502451 0 0
484 -0.296053 0.504902 0 0.00245094
485 -0.296053 0.507353 0 0.002451
486 -0.296053 0.507353 0 0
487 -0.292763 0.509804 0.00328949 0.002451
488 -0.296053 0.512255 -0.00328949 0.00245094
489 -0.296053 0.512255 0 0
490 -0.296053 0.514706 0 0.002451
491 -0.296053 0.514706 0 0
492 -0.296053 0.517157 0 0.00245094
493 -0.296053 0.517157 0 0
494 -0.296053 0.519608 0 0.002451
495 -0.296053 0.519608 0 0
496 -0.296053 0.522059 0 0.002451
497 -0.296053 0.522059 0 0
498 -0.296053 0.522059 0 0
499 -0.296053 0.52451 0 0.00245094
500 -0.296053 0.526961 0 0.002451
501 -0.296053 0.526961 0 0
502 -0.296053 0.529412 0 0.002451
503 -0.299342 0.529412 -0.00328946 0
504 -0.296053 0.531863 0.00328946 0.00245094
505 -0.296053 0.531863 0 0
506 -0.296053 0.534314 0 0.002451
507 -0.296053 0.536765 0 0.00245094
508 -0.296053 0.536765 0 0
509 -0.296053 0.541667 0 0.00490201
510 -0.296053 0.541667 0 0
511 -0.296053 0.544118 0 0.00245094
512 -0.296053 0.546569 0 0.002451
513 -0.296053 0.54902 0 0.002451
514 -0.299342 0.54902 -0.00328946 0
515 -0.296053 0.553922 0.00328946 0.00490195
516 -0.299342 0.553922 -0.00328946 0
517 -0.299342 0.556373 0 0.00245094
518 -0.299342 0.558824 0 0.002451
519 -0.299342 0.558824 0 0
520 -0.296053 0.563725 0.00328946 0.00490195
521 -0.299342 0.563725 -0.00328946 0
522 -0.296053 0.566176 0.00328946 0.002451
523 -0.296053 0.566176 0 0
524 -0.296053 0.568627 0 0.002451
525 -0.296053 0.571078 0 0.00245094
526 -0.296053 0.571078 0 0
527 -0.296053 0.573529 0 0.002451
528 -0.296053 0.57598 0 0.00245094
529 -0.296053 0.57598 0 0
530 -0.292763 0.578431 0.00328949 0.002451
531 -0.292763 0.580882 0 0.002451
532 -0.296053 0.580882 -0.00328949 0
533 -0.292763 0.580882 0.00328949 0
534 -0.292763 0.583333 0 0.00245094
535 -0.292763 0.585784 0 0.002451
536 -0.292763 0.585784 0 0
537 -0.292763 0.585784 0 0
538 -0.292763 0.590686 0 0.00490195
539 -0.289474 0.590686 0.00328946 0
540 -0.289474 0.590686 0 0
541 -0.289474 0.593137 0 0.002451
542 -0.286184 0.595588 0.00328946 0.00245094
543 -0.286184 0.595588 0 0
544 -0.286184 0.595588 0 0
545 -0.286184 0.598039 0 0.002451
546 -0.286184 0.598039 0 0
547 -0.286184 0.60049 0 0.002451
548 -0.286184 0.602941 0 0.00245094
549 -0.282895 0.602941 0.00328949 0
550 -0.282895 0.602941 0 0
551 -0.282895 0.605392 0 0.002451
552 -0.286184 0.607843 -0.00328949 0.002451
553 -0.282895 0.607843 0.00328949 0
554 -0.282895 0.610294 0 0.00245094
555 -0.282895 0.612745 0 0.002451
556 -0.282895 0.612745 0 0
557 -0.279605 0.615196 0.00328946 0.00245094
558 -0.279605 0.617647 0 0.002451
559 -0.279605 0.617647 0 0
560 -0.279605 0.620098 0 0.002451
561 -0.279605 0.620098 0 0
562 -0.279605 0.622549 0 0.00245094
563 -0.276316 0.625 0.00328949 0.002451
564 -0.276316 0.627451 0 0.002451
565 -0.276316 0.627451 0 0
566 -0.276316 0.629902 0 0.00245094
567 -0.276316 0.629902 0 0
568 -0.273026 0.632353 0.00328946 0.002451
569 -0.273026 0.634804 0 0.002451
570 -0.273026 0.634804 0 0
571 -0.269737 0.637255 0.00328946 0.00245094
572 -0.266447 0.639706 0.00328949 0.002451
573 -0.266447 0.639706 0 0
574 -0.269737 0.642157 -0.00328949 0.00245094
575 -0.266447 0.644608 0.00328949 0.002451
576 -0.263158 0.647059 0.00328946 0.002451
577 -0.266447 0.64951 -0.00328946 0.00245094
578 -0.263158 0.651961 0.00328946 0.002451
579 -0.263158 0.651961 0 0
580 -0.263158 0.654412 0 0.002451
581 -0.263158 0.656863 0 0.00245094
582 -0.259868 0.659314 0.00328949 0.002451
583 -0.259868 0.661765 0 0.00245094
584 -0.259868 0.664216 0 0.002451
585 -0.259868 0.666667 0 0.002451
586 -0.256579 0.669118 0.00328946 0.00245094
587 -0.256579 0.671569 0 0.002451
588 -0.256579 0.67402 0 0.002451
589 -0.256579 0.67402 0 0
590 -0.256579 0.676471 0 0.00245094
591 -0.256579 0.678922 0 0.002451
592 -0.256579 0.678922 0 0
593 -0.256579 0.681373 0 0.00245094
594 -0.256579 0.681373 0 0
595 -0.253289 0.683824 0.00328949 0.002451
596 -0.253289 0.683824 0 0
597 -0.253289 0.686275 0 0.002451
598 -0.253289 0.688725 0 0.00245094
599 -0.253289 0.688725 0 0
600 -0.253289 0.688725 0 0
601 -0.253289 0.691176 0 0.002451
602 -0.253289 0.693627 0 0.002451
603 -0.253289 0.693627 0 0
604 -0.253289 0.696078 0 0.00245094
605 -0.253289 0.696078 0 0
606 -0.253289 0.698529 0 0.002451
607 -0.253289 0.698529 0 0
608 -0.253289 0.70098 0 0.00245094
609 -0.253289 0.703431 0 0.002451
610 -0.253289 0.705882 0 0.002451
611 -0.253289 0.705882 0 0
612 -0.253289 0.708333 0 0.00245094
613 -0.253289 0.710784 0 0.002451
614 -0.256579 0.710784 -0.00328949 0
615 -0.253289 0.713235 0.00328949 0.002451
616 -0.256579 0.713235 -0.00328949 0
617 -0.256579 0.715686 0 0.00245094
618 -0.256579 0.718137 0 0.002451
619 -0.256579 0.720588 0 0.00245094
620 -0.256579 0.723039 0 0.002451
621 -0.256579 0.723039 0 0
622 -0.256579 0.72549 0 0.002451
623 -0.256579 0.727941 0 0.00245094
624 -0.256579 0.727941 0 0
625 -0.256579 0.730392 0 0.002451
626 -0.256579 0.730392 0 0
627 -0.259868 0.732843 -0.00328946 0.002451
628 -0.256579 0.735294 0.00328946 0.00245094
629 -0.259868 0.735294 -0.00328946 0
630 -0.259868 0.735294 0 0
631 -0.259868 0.737745 0 0.002451
632 -0.259868 0.737745 0 0
633 -0.259868 0.740196 0 0.00245094
634 -0.259868 0.740196 0 0
635 -0.256579 0.742647 0.00328946 0.002451
636 -0.256579 0.742647 0 0
637 -0.259868 0.742647 -0.00328946 0
638 -0.259868 0.745098 0 0.002451
639 -0.259868 0.747549 0 0.00245094
640 -0.259868 0.747549 0 0
641 -0.259868 0.747549 0 0
642 -0.259868 0.75 0 0.002451
643 -0.259868 0.75 0 0
644 -0.259868 0.752451 0 0.002451
645 -0.259868 0.754902 0 0.00245094
646 -0.259868 0.754902 0 0
647 -0.259868 0.759804 0 0.00490201
648 -0.259868 0.757353 0 -0.002451
649 -0.259868 0.759804 0 0.002451
650 -0.259868 0.762255 0 0.00245094
651 -0.259868 0.762255 0 0
652 -0.259868 0.764706 0 0.002451
653 -0.259868 0.764706 0 0
654 -0.259868 0.767157 0 0.00245094
655 -0.259868 0.767157 0 0
656 -0.259868 0.769608 0 0.002451
657 -0.259868 0.769608 0 0
658 -0.259868 0.769608 0 0
659 -0.259868 0.772059 0 0.002451
660 -0.259868 0.772059 0 0
661 -0.259868 0.77451 0 0.00245094
662 -0.259868 0.77451 0 0
663 -0.259868 0.776961 0 0.002451
664 -0.259868 0.776961 0 0
665 -0.259868 0.779412 0 0.002451
666 -0.259868 0.779412 0 0
667 -0.259868 0.779412 0 0
668 -0.259868 0.781863 0 0.00245094
669 -0.259868 0.781863 0 0
670 -0.259868 0.784314 0 0.002451
671 -0.259868 0.784314 0 0
672 -0.259868 0.784314 0 0
673 -0.259868 0.786765 0 0.00245094
674 -0.263158 0.786765 -0.00328949 0
675 -0.259868 0.789216 0.00328949 0.002451
676 -0.259868 0.791667 0 0.002451
677 -0.259868 0.791667 0 0
678 -0.259868 0.791667 0 0
679 -0.259868 0.794118 0 0.00245094
680 -0.259868 0.796569 0 0.002451
681 -0.259868 0.796569 0 0
682 -0.259868 0.79902 0 0.002451
683 -0.259868 0.801471 0 0.00245094
684 -0.256579 0.801471 0.00328946 0
685 -0.259868 0.803922 -0.00328946 0.002451
686 -0.256579 0.806373 0.00328946 0.00245094
687 -0.256579 0.806373 0 0
688 -0.256579 0.808824 0 0.002451
689 -0.256579 0.811275 0 0.002451
690 -0.256579 0.813725 0 0.00245094
691 -0.256579 0.816176 0 0.002451
692 -0.253289 0.816176 0.00328949 0
693 -0.253289 0.818627 0 0.002451
694 -0.253289 0.821078 0 0.00245094
695 -0.253289 0.823529 0 0.002451
696 -0.253289 0.823529 0 0
697 -0.253289 0.82598 0 0.00245094
698 -0.25 0.828431 0.00328946 0.002451
699 -0.25 0.828431 0 0
700 -0.25 0.828431 0 0
701 -0.25 0.830882 0 0.002451
702 -0.25 0.833333 0 0.00245094
703 -0.25 0.833333 0 0
704 -0.25 0.833333 0 0
705 -0.25 0.835784 0 0.002451
706 -0.25 0.835784 0 0
707 -0.246711 0.838235 0.00328948 0.002451
708 -0.25 0.838235 -0.00328948 0
709 -0.246711 0.840686 0.00328948 0.00245094
710 -0.246711 0.840686 0 0
711 -0.246711 0.843137 0 0.002451
712 -0.246711 0.843137 0 0
713 -0.246711 0.843137 0 0
714 -0.25 0.845588 -0.00328948 0.00245094
715 -0.25 0.845588 0 0
716 -0.246711 0.848039 0.00328948 0.002451
717 -0.246711 0.85049 0 0.002451
718 -0.246711 0.852941 0 0.00245094
719 -0.246711 0.852941 0 0
720 -0.246711 0.852941 0 0
721 -0.246711 0.855392 0 0.002451
722 -0.246711 0.855392 0 0
723 -0.246711 0.857843 0 0.002451
724 -0.246711 0.855392 0 -0.002451
725 -0.246711 0.857843 0 0.002451
726 -0.246711 0.857843 0 0
727 -0.246711 0.860294 0 0.00245094
728 -0.246711 0.860294 0 0
729 -0.246711 0.860294 0 0
730 -0.25 0.860294 -0.00328948 0
731 -0.246711 0.862745 0.00328948 0.002451
732 -0.25 0.862745 -0.00328948 0
733 -0.25 0.865196 0 0.00245094
734 -0.25 0.865196 0 0
735 -0.25 0.865196 0 0
736 -0.25 0.867647 0 0.002451
737 -0.25 0.867647 0 0
738 -0.25 0.870098 0 0.002451
739 -0.25 0.870098 0 0
740 -0.25 0.870098 0 0
741 -0.25 0.872549 0 0.00245094
742 -0.25 0.872549 0 0
743 -0.25 0.875 0 0.002451
744 -0.25 0.875 0 0
745 -0.25 0.877451 0 0.002451
746 -0.25 0.877451 0 0
747 -0.25 0.879902 0 0.00245094
748 -0.25 0.879902 0 0
749 -0.25 0.879902 0 0
750 -0.25 0.879902 0 0
751 -0.25 0.882353 0 0.002451
752 -0.25 0.884804 0 0.002451
753 -0.246711 0.884804 0.00328948 0
754 -0.246711 0.887255 0 0.00245094
755 -0.246711 0.887255 0 0
756 -0.246711 0.887255 0 0
757 -0.246711 0.887255 0 0
758 -0.243421 0.889706 0.00328948 0.002451
759 -0.243421 0.889706 0 0
760 -0.243421 0.892157 0 0.00245094
761 -0.243421 0.892157 0 0
762 -0.240132 0.892157 0.00328948 0
763 -0.243421 0.892157 -0.00328948 0
764 -0.236842 0.894608 0.00657894 0.002451
765 -0.240132 0.897059 -0.00328946 0.002451
766 -0.236842 0.897059 0.00328946 0
767 -0.236842 0.897059 0 0
768 -0.236842 0.89951 0 0.00245094
769 -0.233553 0.89951 0.00328948 0
770 -0.233553 0.89951 0 0
771 -0.236842 0.89951 -0.00328948 0
772 -0.236842 0.901961 0 0.002451
773 -0.233553 0.89951 0.00328948 -0.002451
774 -0.233553 0.901961 0 0.002451
775 -0.230263 0.901961 0.00328948 0
776 -0.230263 0.901961 0 0
777 -0.230263 0.901961 0 0
778 -0.230263 0.901961 0 0
779 -0.230263 0.901961 0 0
780 -0.230263 0.901961 0 0
781 -0.230263 0.89951 0 -0.002451
782 -0.230263 0.89951 0 0
783 -0.230263 0.89951 0 0
784 -0.230263 0.89951 0 0
785 -0.230263 0.89951 0 0
786 -0.230263 0.89951 0 0
787 -0.230263 0.89951 0 0
788 -0.230263 0.89951 0 0
789 -0.230263 0.89951 0 0
790 -0.226974 0.89951 0.00328948 0
791 -0.226974 0.89951 0 0
792 -0.226974 0.89951 0 0
793 -0.226974 0.89951 0 0
794 -0.226974 0.89951 0 0
795 -0.226974 0.901961 0 0.002451
796 -0.226974 0.901961 0 0
797 -0.226974 0.901961 0 0
798 -0.226974 0.901961 0 0
799 -0.226974 0.901961 0 0
800 -0.223684 0.901961 0.00328948 0
801 -0.223684 0.901961 0 0
802 -0.223684 0.89951 0 -0.002451
803 -0.223684 0.89951 0 0
804 -0.223684 0.89951 0 0
805 -0.223684 0.89951 0 0
806 -0.223684 0.897059 0 -0.00245094
807 -0.223684 0.897059 0 0
808 -0.223684 0.897059 0 0
809 -0.223684 0.894608 0 -0.002451
810 -0.223684 0.892157 0 -0.002451
811 -0.223684 0.892157 0 0
812 -0.223684 0.889706 0 -0.00245094
813 -0.223684 0.889706 0 0
814 -0.223684 0.887255 0 -0.002451
815 -0.223684 0.887255 0 0
816 -0.223684 0.887255 0 0
817 -0.223684 0.884804 0 -0.00245094
818 -0.223684 0.884804 0 0
819 -0.223684 0.882353 0 -0.002451
820 -0.223684 0.882353 0 0
821 -0.226974 0.882353 -0.00328948 0
822 -0.226974 0.879902 0 -0.002451
823 -0.226974 0.877451 0 -0.00245094
824 -0.226974 0.877451 0 0
825 -0.226974 0.875 0 -0.002451
826 -0.230263 0.875 -0.00328948 0
827 -0.226974 0.875 0.00328948 0
828 -0.230263 0.872549 -0.00328948 -0.002451
829 -0.230263 0.872549 0 0
830 -0.230263 0.870098 0 -0.00245094
831 -0.230263 0.870098 0 0
832 -0.230263 0.867647 0 -0.002451
833 -0.230263 0.867647 0 0
834 -0.233553 0.865196 -0.00328948 -0.002451
835 -0.233553 0.865196 0 0
836 -0.233553 0.865196 0 0
837 -0.233553 0.865196 0 0
838 -0.233553 0.865196 0 0
839 -0.233553 0.862745 0 -0.00245094
840 -0.236842 0.862745 -0.00328948 0
841 -0.233553 0.860294 0.00328948 -0.002451
842 -0.233553 0.860294 0 0
843 -0.233553 0.860294 0 0
844 -0.236842 0.857843 -0.00328948 -0.00245094
845 -0.236842 0.857843 0 0
846 -0.236842 0.855392 0 -0.002451
847 -0.236842 0.855392 0 0
848 -0.236842 0.855392 0 0
849 -0.236842 0.855392 0 0
850 -0.236842 0.855392 0 0
851 -0.236842 0.855392 0 0
852 -0.236842 0.852941 0 -0.002451
853 -0.236842 0.852941 0 0
854 -0.236842 0.85049 0 -0.00245094
855 -0.236842 0.85049 0 0
856 -0.236842 0.85049 0 0
857 -0.236842 0.85049 0 0
858 -0.240132 0.848039 -0.00328946 -0.002451
859 -0.240132 0.848039 0 0
860 -0.236842 0.848039 0.00328946 0
861 -0.236842 0.845588 0 -0.002451
862 -0.236842 0.845588 0 0
863 -0.240132 0.843137 -0.00328946 -0.00245094
864 -0.236842 0.843137 0.00328946 0
865 -0.240132 0.843137 -0.00328946 0
866 -0.236842 0.843137 0.00328946 0
867 -0.236842 0.843137 0 0
868 -0.240132 0.840686 -0.00328946 -0.002451
869 -0.236842 0.840686 0.00328946 0
870 -0.236842 0.840686 0 0
871 -0.236842 0.838235 0 -0.00245094
872 -0.236842 0.838235 0 0
873 -0.236842 0.838235 0 0
874 -0.236842 0.838235 0 0
875 -0.236842 0.838235 0 0
876 -0.236842 0.835784 0 -0.002451
877 -0.236842 0.835784 0 0
878 -0.236842 0.833333 0 -0.002451
879 -0.236842 0.833333 0 0
880 -0.236842 0.833333 0 0
881 -0.236842 0.830882 0 -0.00245094
882 -0.236842 0.830882 0 0
883 -0.236842 0.828431 0 -0.002451
884 -0.236842 0.830882 0 0.002451
885 -0.233553 0.828431 0.00328948 -0.002451
886 -0.236842 0.828431 -0.00328948 0
887 -0.233553 0.828431 0.00328948 0
888 -0.236842 0.82598 -0.00328948 -0.002451
889 -0.236842 0.82598 0 0
890 -0.236842 0.823529 0 -0.00245094
891 -0.233553 0.823529 0.00328948 0
892 -0.236842 0.823529 -0.00328948 0
893 -0.236842 0.821078 0 -0.002451
894 -0.236842 0.821078 0 0
895 -0.233553 0.821078 0.00328948 0
896 -0.233553 0.818627 0 -0.00245094
897 -0.233553 0.818627 0 0
898 -0.233553 0.816176 0 -0.002451
899 -0.233553 0.816176 0 0
900 -0.233553 0.813725 0 -0.002451
901 -0.230263 0.813725 0.00328948 0
902 -0.230263 0.813725 0 0
903 -0.230263 0.811275 0 -0.00245094
904 -0.230263 0.811275 0 0
905 -0.230263 0.811275 0 0
906 -0.230263 0.808824 0 -0.002451
907 -0.230263 0.806373 0 -0.002451
908 -0.230263 0.806373 0 0
909 -0.226974 0.806373 0.00328948 0
910 -0.230263 0.803922 -0.00328948 -0.00245094
911 -0.230263 0.801471 0 -0.002451
912 -0.230263 0.801471 0 0
913 -0.230263 0.801471 0 0
914 -0.230263 0.79902 0 -0.00245094
915 -0.230263 0.79902 0 0
916 -0.226974 0.796569 0.00328948 -0.002451
917 -0.226974 0.796569 0 0
918 -0.226974 0.794118 0 -0.002451
919 -0.226974 0.794118 0 0
920 -0.226974 0.791667 0 -0.00245094
921 -0.226974 0.791667 0 0
922 -0.226974 0.789216 0 -0.002451
923 -0.223684 0.789216 0.00328948 0
924 -0.223684 0.786765 0 -0.002451
925 -0.226974 0.784314 -0.00328948 -0.00245094
926 -0.223684 0.784314 0.00328948 0
927 -0.223684 0.781863 0 -0.002451
928 -0.223684 0.781863 0 0
929 -0.226974 0.779412 -0.00328948 -0.00245094
930 -0.226974 0.779412 0 0
931 -0.226974 0.776961 0 -0.002451
932 -0.226974 0.77451 0 -0.002451
933 -0.223684 0.77451 0.00328948 0
934 -0.226974 0.772059 -0.00328948 -0.00245094
935 -0.226974 0.769608 0 -0.002451
936 -0.226974 0.769608 0 0
937 -0.226974 0.769608 0 0
938 -0.226974 0.767157 0 -0.002451
939 -0.226974 0.767157 0 0
940 -0.226974 0.767157 0 0
941 -0.226974 0.767157 0 0
942 -0.226974 0.764706 0 -0.00245094
943 -0.226974 0.764706 0 0
944 -0.226974 0.764706 0 0
945 -0.230263 0.762255 -0.00328948 -0.002451
946 -0.230263 0.762255 0 0
947 -0.230263 0.762255 0 0
948 -0.230263 0.759804 0 -0.00245094
949 -0.230263 0.759804 0 0
950 -0.230263 0.759804 0 0
951 -0.230263 0.757353 0 -0.002451
952 -0.233553 0.754902 -0.00328948 -0.002451
953 -0.233553 0.757353 0 0.002451
954 -0.233553 0.752451 0 -0.00490195
955 -0.233553 0.752451 0 0
956 -0.233553 0.752451 0 0
957 -0.233553 0.75 0 -0.002451
958 -0.233553 0.75 0 0
959 -0.233553 0.747549 0 -0.002451
960 -0.233553 0.747549 0 0
961 -0.233553 0.745098 0 -0.00245094
962 -0.233553 0.745098 0 0
963 -0.233553 0.745098 0 0
964 -0.233553 0.742647 0 -0.002451
965 -0.233553 0.742647 0 0
966 -0.233553 0.740196 0 -0.002451
967 -0.233553 0.740196 0 0
968 -0.233553 0.740196 0 0
969 -0.233553 0.737745 0 -0.00245094
970 -0.233553 0.737745 0 0
971 -0.233553 0.735294 0 -0.002451
972 -0.233553 0.735294 0 0
973 -0.233553 0.732843 0 -0.00245094
974 -0.233553 0.732843 0 0
975 -0.233553 0.732843 0 0
976 -0.233553 0.730392 0 -0.002451
977 -0.233553 0.730392 0 0
978 -0.236842 0.730392 -0.00328948 0
979 -0.233553 0.730392 0.00328948 0
980 -0.233553 0.727941 0 -0.002451
981 -0.233553 0.727941 0 0
982 -0.233553 0.727941 0 0
983 -0.233553 0.72549 0 -0.00245094
984 -0.233553 0.72549 0 0
985 -0.233553 0.72549 0 0
986 -0.233553 0.72549 0 0
987 -0.233553 0.723039 0 -0.002451
988 -0.233553 0.723039 0 0
989 -0.233553 0.723039 0 0
990 -0.233553 0.723039 0 0
991 -0.233553 0.723039 0 0
992 -0.233553 0.723039 0 0
993 -0.233553 0.720588 0 -0.002451
994 -0.233553 0.720588 0 0
995 -0.233553 0.718137 0 -0.00245094
996 -0.233553 0.718137 0 0
997 -0.233553 0.718137 0 0
998 -0.233553 0.718137 0 0
999 -0.233553 0.715686 0 -0.002451
1000 -0.233553 0.715686 0 0
1001 -0.233553 0.715686 0 0
1002 -0.230263 0.715686 0.00328948 0
1003 -0.230263 0.713235 0 -0.00245094
1004 -0.230263 0.713235 0 0
1005 -0.230263 0.713235 0 0
1006 -0.230263 0.710784 0 -0.002451
1007 -0.230263 0.710784 0 0
1008 -0.230263 0.708333 0 -0.002451
1009 -0.230263 0.705882 0 -0.00245094
1010 -0.226974 0.705882 0.00328948 0
1011 -0.226974 0.703431 0 -0.002451
1012 -0.230263 0.70098 -0.00328948 -0.002451
1013 -0.226974 0.70098 0.00328948 0
1014 -0.226974 0.698529 0 -0.00245094
1015 -0.230263 0.698529 -0.00328948 0
1016 -0.226974 0.696078 0.00328948 -0.002451
1017 -0.226974 0.693627 0 -0.00245094
1018 -0.226974 0.693627 0 0
1019 -0.226974 0.693627 0 0
1020 -0.226974 0.691176 0 -0.002451
1021 -0.226974 0.691176 0 0
1022 -0.226974 0.688725 0 -0.002451
1023 -0.226974 0.688725 0 0
1024 -0.226974 0.688725 0 0
1025 -0.230263 0.686275 -0.00328948 -0.00245094
1026 -0.230263 0.686275 0 0
1027 -0.230263 0.683824 0 -0.002451
1028 -0.230263 0.683824 0 0
1029 -0.230263 0.681373 0 -0.002451
1030 -0.230263 0.681373 0 0
1031 -0.233553 0.678922 -0.00328948 -0.00245094
1032 -0.233553 0.676471 0 -0.002451
1033 -0.233553 0.676471 0 0
1034 -0.230263 0.67402 0.00328948 -0.00245094
1035 -0.233553 0.671569 -0.00328948 -0.002451
1036 -0.233553 0.669118 0 -0.002451
1037 -0.233553 0.669118 0 0
1038 -0.233553 0.666667 0 -0.00245094
1039 -0.236842 0.664216 -0.00328948 -0.002451
1040 -0.236842 0.661765 0 -0.002451
1041 -0.236842 0.661765 0 0
1042 -0.236842 0.659314 0 -0.00245094
1043 -0.236842 0.656863 0 -0.002451
1044 -0.240132 0.656863 -0.00328946 0
1045 -0.236842 0.654412 0.00328946 -0.00245094
1046 -0.240132 0.654412 -0.00328946 0
1047 -0.240132 0.651961 0 -0.002451
1048 -0.243421 0.64951 -0.00328948 -0.002451
1049 -0.243421 0.64951 0 0
1050 -0.243421 0.647059 0 -0.00245094
1051 -0.243421 0.644608 0 -0.002451
1052 -0.246711 0.642157 -0.00328948 -0.002451
1053 -0.243421 0.639706 0.00328948 -0.00245094
1054 -0.243421 0.637255 0 -0.002451
1055 -0.243421 0.637255 0 0
1056 -0.246711 0.634804 -0.00328948 -0.00245094
1057 -0.246711 0.632353 0 -0.002451
1058 -0.246711 0.632353 0 0
1059 -0.246711 0.627451 0 -0.00490195
1060 -0.246711 0.627451 0 0
1061 -0.246711 0.625 0 -0.002451
1062 -0.25 0.625 -0.00328948 0
1063 -0.25 0.622549 0 -0.002451
1064 -0.246711 0.620098 0.00328948 -0.00245094
1065 -0.25 0.620098 -0.00328948 0
1066 -0.25 0.617647 0 -0.002451
1067 -0.25 0.617647 0 0
1068 -0.25 0.617647 0 0
1069 -0.246711 0.617647 0.00328948 0
1070 -0.246711 0.615196 0 -0.002451
1071 -0.246711 0.615196 0 0
1072 -0.246711 0.615196 0 0
1073 -0.246711 0.615196 0 0
1074 -0.25 0.612745 -0.00328948 -0.00245094
1075 -0.25 0.612745 0 0
1076 -0.25 0.612745 0 0
1077 -0.25 0.612745 0 0
1078 -0.246711 0.612745 0.00328948 0
1079 -0.246711 0.612745 0 0
1080 -0.25 0.610294 -0.00328948 -0.002451
1081 -0.246711 0.610294 0.00328948 0
1082 -0.246711 0.610294 0 0
1083 -0.246711 0.607843 0 -0.00245094
1084 -0.246711 0.607843 0 0
1085 -0.246711 0.605392 0 -0.002451
1086 -0.246711 0.605392 0 0
1087 -0.246711 0.605392 0 0
1088 -0.246711 0.602941 0 -0.002451
1089 -0.246711 0.602941 0 0
1090 -0.246711 0.602941 0 0
1091 -0.246711 0.602941 0 0
1092 -0.246711 0.60049 0 -0.00245094
1093 -0.246711 0.60049 0 0
1094 -0.246711 0.598039 0 -0.002451
1095 -0.246711 0.598039 0 0
1096 -0.246711 0.598039 0 0
1097 -0.246711 0.598039 0 0
1098 -0.246711 0.595588 0 -0.002451
1099 -0.246711 0.595588 0 0
1100 -0.246711 0.595588 0 0
1101 -0.246711 0.595588 0 0
1102 -0.246711 0.593137 0 -0.00245094
1103 -0.246711 0.593137 0 0
1104 -0.246711 0.593137 0 0
1105 -0.246711 0.593137 0 0
1106 -0.246711 0.590686 0 -0.002451
1107 -0.246711 0.590686 0 0
1108 -0.246711 0.590686 0 0
1109 -0.246711 0.588235 0 -0.00245094
1110 -0.246711 0.585784 0 -0.002451
1111 -0.246711 0.585784 0 0
1112 -0.243421 0.585784 0.00328948 0
1113 -0.246711 0.583333 -0.00328948 -0.002451
1114 -0.246711 0.583333 0 0
1115 -0.246711 0.580882 0 -0.00245094
1116 -0.246711 0.580882 0 0
1117 -0.246711 0.580882 0 0
1118 -0.246711 0.578431 0 -0.002451
1119 -0.246711 0.578431 0 0
1120 -0.246711 0.57598 0 -0.002451
1121 -0.246711 0.57598 0 0
1122 -0.246711 0.57598 0 0
1123 -0.246711 0.573529 0 -0.00245094
1124 -0.246711 0.573529 0 0
1125 -0.246711 0.573529 0 0
1126 -0.246711 0.571078 0 -0.002451
1127 -0.246711 0.571078 0 0
1128 -0.246711 0.571078 0 0
1129 -0.243421 0.568627 0.00328948 -0.00245094
1130 -0.243421 0.566176 0 -0.002451
1131 -0.246711 0.566176 -0.00328948 0
1132 -0.246711 0.566176 0 0
1133 -0.243421 0.563725 0.00328948 -0.002451
1134 -0.243421 0.563725 0 0
1135 -0.243421 0.561275 0 -0.00245094
1136 -0.243421 0.561275 0 0
1137 -0.246711 0.561275 -0.00328948 0
1138 -0.243421 0.558824 0.00328948 -0.002451
1139 -0.243421 0.558824 0 0
1140 -0.243421 0.556373 0 -0.002451
1141 -0.243421 0.556373 0 0
1142 -0.243421 0.556373 0 0
1143 -0.243421 0.553922 0 -0.00245094
1144 -0.243421 0.553922 0 0
1145 -0.243421 0.553922 0 0
1146 -0.243421 0.551471 0 -0.002451
1147 -0.243421 0.551471 0 0
1148 -0.243421 0.551471 0 0
1149 -0.243421 0.54902 0 -0.00245094
1150 -0.243421 0.54902 0 0
1151 -0.243421 0.546569 0 -0.002451
1152 -0.243421 0.544118 0 -0.002451
1153 -0.240132 0.544118 0.00328948 0
1154 -0.243421 0.544118 -0.00328948 0
1155 -0.243421 0.541667 0 -0.00245094
1156 -0.240132 0.541667 0.00328948 0
1157 -0.240132 0.541667 0 0
1158 -0.240132 0.539216 0 -0.002451
1159 -0.240132 0.539216 0 0
1160 -0.243421 0.539216 -0.00328948 0
1161 -0.240132 0.536765 0.00328948 -0.002451
1162 -0.240132 0.536765 0 0
1163 -0.240132 0.536765 0 0
1164 -0.236842 0.534314 0.00328946 -0.00245094
1165 -0.236842 0.531863 0 -0.002451
1166 -0.240132 0.531863 -0.00328946 0
1167 -0.236842 0.529412 0.00328946 -0.00245094
1168 -0.240132 0.529412 -0.00328946 0
1169 -0.236842 0.529412 0.00328946 0
1170 -0.236842 0.526961 0 -0.002451
1171 -0.236842 0.526961 0 0
1172 -0.236842 0.526961 0 0
1173 -0.236842 0.526961 0 0
1174 -0.236842 0.526961 0 0
1175 -0.236842 0.52451 0 -0.002451
1176 -0.236842 0.52451 0 0
1177 -0.236842 0.52451 0 0
1178 -0.236842 0.52451 0 0
1179 -0.236842 0.522059 0 -0.00245094
1180 -0.236842 0.522059 0 0
1181 -0.236842 0.522059 0 0
1182 -0.236842 0.519608 0 -0.002451
1183 -0.236842 0.519608 0 0
1184 -0.236842 0.519608 0 0
1185 -0.236842 0.517157 0 -0.002451
1186 -0.236842 0.517157 0 0
1187 -0.236842 0.514706 0 -0.00245094
1188 -0.236842 0.514706 0 0
1189 -0.236842 0.512255 0 -0.002451
1190 -0.236842 0.512255 0 0
1191 -0.236842 0.512255 0 0
1192 -0.236842 0.509804 0 -0.00245094
1193 -0.236842 0.509804 0 0
1194 -0.240132 0.507353 -0.00328946 -0.002451
1195 -0.240132 0.507353 0 0
1196 -0.240132 0.504902 0 -0.002451
1197 -0.240132 0.504902 0 0
1198 -0.240132 0.502451 0 -0.00245094
1199 -0.240132 0.502451 0 0
1200 -0.240132 0.502451 0 0
1201 -0.236842 0.5 0.00328946 -0.002451
1202 -0.236842 0.5 0 0
1203 -0.240132 0.497549 -0.00328946 -0.00245097
1204 -0.240132 0.497549 0 0
1205 -0.240132 0.495098 0 -0.002451
1206 -0.240132 0.495098 0 0
1207 -0.240132 0.492647 0 -0.00245097
1208 -0.240132 0.492647 0 0
1209 -0.240132 0.492647 0 0
1210 -0.240132 0.490196 0 -0.00245097
1211 -0.240132 0.490196 0 0
1212 -0.243421 0.490196 -0.00328948 0
1213 -0.243421 0.487745 0 -0.00245097
1214 -0.243421 0.487745 0 0
1215 -0.243421 0.487745 0 0
1216 -0.243421 0.485294 0 -0.002451
1217 -0.243421 0.485294 0 0
1218 -0.243421 0.485294 0 0
1219 -0.243421 0.482843 0 -0.00245097
1220 -0.243421 0.482843 0 0
1221 -0.243421 0.482843 0 0
1222 -0.243421 0.482843 0 0
1223 -0.243421 0.480392 0 -0.00245097
1224 -0.243421 0.480392 0 0
1225 -0.243421 0.477941 0 -0.00245097
1226 -0.246711 0.477941 -0.00328948 0
1227 -0.243421 0.47549 0.00328948 -0.002451
1228 -0.243421 0.47549 0 0
1229 -0.243421 0.473039 0 -0.00245097
1230 -0.243421 0.473039 0 0
1231 -0.240132 0.468137 0.00328948 -0.00490195
1232 -0.243421 0.468137 -0.00328948 0
1233 -0.243421 0.468137 0 0
1234 -0.243421 0.463235 0 -0.00490198
1235 -0.243421 0.463235 0 0
1236 -0.243421 0.463235 0 0
1237 -0.243421 0.463235 0 0
1238 -0.243421 0.460784 0 -0.00245097
1239 -0.243421 0.458333 0 -0.00245097
1240 -0.243421 0.455882 0 -0.002451
1241 -0.243421 0.455882 0 0
1242 -0.243421 0.455882 0 0
1243 -0.243421 0.453431 0 -0.00245097
1244 -0.243421 0.453431 0 0
1245 -0.243421 0.45098 0 -0.00245097
1246 -0.243421 0.448529 0 -0.00245097
1247 -0.243421 0.448529 0 0
1248 -0.243421 0.446078 0 -0.002451
1249 -0.243421 0.446078 0 0
1250 -0.243421 0.443627 0 -0.00245097
1251 -0.243421 0.443627 0 0
1252 -0.243421 0.441176 0 -0.00245097
1253 -0.243421 0.441176 0 0
1254 -0.243421 0.441176 0 0
1255 -0.243421 0.438726 0 -0.00245097
1256 -0.243421 0.436274 0 -0.002451
1257 -0.243421 0.436274 0 0
1258 -0.243421 0.433824 0 -0.00245097
1259 -0.246711 0.433824 -0.00328948 0
1260 -0.246711 0.433824 0 0
1261 -0.243421 0.431373 0.00328948 -0.00245097
1262 -0.246711 0.431373 -0.00328948 0
1263 -0.246711 0.431373 0 0
1264 -0.246711 0.428922 0 -0.00245097
1265 -0.246711 0.428922 0 0
1266 -0.246711 0.428922 0 0
1267 -0.25 0.426471 -0.00328948 -0.002451
1268 -0.246711 0.42402 0.00328948 -0.00245097
1269 -0.25 0.42402 -0.00328948 0
1270 -0.25 0.42402 0 0
1271 -0.246711 0.421569 0.00328948 -0.00245097
1272 -0.246711 0.419118 0 -0.00245097
1273 -0.246711 0.419118 0 0
1274 -0.25 0.419118 -0.00328948 0
1275 -0.246711 0.416667 0.00328948 -0.002451
1276 -0.25 0.416667 -0.00328948 0
1277 -0.25 0.416667 0 0
1278 -0.25 0.414216 0 -0.00245097
1279 -0.25 0.411765 0 -0.00245097
1280 -0.25 0.411765 0 0
1281 -0.25 0.409314 0 -0.00245097
1282 -0.25 0.409314 0 0
1283 -0.25 0.406863 0 -0.002451
1284 -0.25 0.404412 0 -0.00245097
1285 -0.25 0.404412 0 0
1286 -0.25 0.404412 0 0
1287 -0.25 0.401961 0 -0.00245097
1288 -0.25 0.39951 0 -0.00245097
1289 -0.246711 0.39951 0.00328948 0
1290 -0.246711 0.397059 0 -0.002451
1291 -0.246711 0.394608 0 -0.00245097
1292 -0.246711 0.394608 0 0
1293 -0.25 0.394608 -0.00328948 0
1294 -0.25 0.394608 0 0
1295 -0.246711 0.392157 0.00328948 -0.00245097
1296 -0.246711 0.392157 0 0
1297 -0.246711 0.389706 0 -0.00245097
1298 -0.246711 0.389706 0 0
1299 -0.246711 0.389706 0 0
1300 -0.246711 0.384804 0 -0.00490198
1301 -0.25 0.387255 -0.00328948 0.00245097
1302 -0.25 0.384804 0 -0.00245097
1303 -0.246711 0.382353 0.00328948 -0.00245097
1304 -0.246711 0.379902 0 -0.00245097
1305 -0.246711 0.379902 0 0
1306 -0.246711 0.379902 0 0
1307 -0.246711 0.379902 0 0
1308 -0.246711 0.377451 0 -0.002451
1309 -0.246711 0.377451 0 0
1310 -0.246711 0.375 0 -0.00245097
1311 -0.246711 0.375 0 0
1312 -0.246711 0.372549 0 -0.00245097
1313 -0.246711 0.372549 0 0
1314 -0.246711 0.372549 0 0
1315 -0.246711 0.370098 0 -0.002451
1316 -0.246711 0.370098 0 0
1317 -0.246711 0.367647 0 -0.00245097
1318 -0.246711 0.365196 0 -0.00245097
1319 -0.246711 0.365196 0 0
1320 -0.246711 0.365196 0 0
1321 -0.243421 0.360294 0.00328948 -0.00490198
1322 -0.246711 0.362745 -0.00328948 0.002451
1323 -0.246711 0.362745 0 0
1324 -0.246711 0.362745 0 0
1325 -0.243421 0.355392 0.00328948 -0.00735295
1326 -0.246711 0.357843 -0.00328948 0.00245097
1327 -0.246711 0.357843 0 0
1328 -0.246711 0.355392 0 -0.00245097
1329 -0.246711 0.352941 0 -0.00245097
1330 -0.246711 0.352941 0 0
1331 -0.246711 0.352941 0 0
1332 -0.246711 0.35049 0 -0.002451
1333 -0.246711 0.35049 0 0
1334 -0.246711 0.348039 0 -0.00245097
1335 -0.246711 0.345588 0 -0.00245097
1336 -0.246711 0.345588 0 0
1337 -0.246711 0.343137 0 -0.00245097
1338 -0.246711 0.343137 0 0
1339 -0.246711 0.343137 0 0
1340 -0.246711 0.340686 0 -0.002451
1341 -0.246711 0.340686 0 0
1342 -0.246711 0.335784 0 -0.00490195
1343 -0.246711 0.335784 0 0
1344 -0.246711 0.333333 0 -0.00245097
1345 -0.246711 0.330882 0 -0.002451
1346 -0.246711 0.330882 0 0
1347 -0.246711 0.330882 0 0
1348 -0.246711 0.330882 0 0
1349 -0.246711 0.328431 0 -0.00245097
1350 -0.246711 0.328431 0 0
1351 -0.246711 0.32598 0 -0.00245097
1352 -0.246711 0.32598 0 0
1353 -0.246711 0.32598 0 0
1354 -0.246711 0.32598 0 0
1355 -0.246711 0.328431 0 0.00245097
1356 -0.246711 0.328431 0 0
1357 -0.246711 0.328431 0 0
1358 -0.246711 0.328431 0 0
1359 -0.246711 0.328431 0 0
1360 -0.246711 0.330882 0 0.00245097
1361 -0.246711 0.330882 0 0
1362 -0.246711 0.333333 0 0.002451
1363 -0.246711 0.333333 0 0
1364 -0.243421 0.330882 0.00328948 -0.002451
1365 -0.246711 0.335784 -0.00328948 0.00490198
1366 -0.246711 0.335784 0 0
1367 -0.246711 0.333333 0 -0.00245097
1368 -0.246711 0.333333 0 0
1369 -0.246711 0.335784 0 0.00245097
1370 -0.246711 0.335784 0 0
1371 -0.246711 0.335784 0 0
1372 -0.246711 0.335784 0 0
1373 -0.246711 0.335784 0 0
1374 -0.246711 0.335784 0 0
1375 -0.246711 0.335784 0 0
1376 -0.246711 0.335784 0 0
1377 -0.246711 0.335784 0 0
1378 -0.246711 0.335784 0 0
1379 -0.246711 0.335784 0 0
1380 -0.246711 0.335784 0 0
1381 -0.246711 0.335784 0 0
1382 -0.246711 0.338235 0 0.00245097
1383 -0.246711 0.338235 0 0
1384 -0.246711 0.340686 0 0.00245097
1385 -0.246711 0.340686 0 0
1386 -0.246711 0.340686 0 0
1387 -0.246711 0.340686 0 0
1388 -0.246711 0.340686 0 0
1389 -0.246711 0.340686 0 0
1390 -0.246711 0.340686 0 0
1391 -0.246711 0.343137 0 0.002451
1392 -0.246711 0.343137 0 0
1393 -0.246711 0.343137 0 0
1394 -0.246711 0.343137 0 0
1395 -0.246711 0.343137 0 0
1396 -0.246711 0.343137 0 0
1397 -0.246711 0.343137 0 0
1398 -0.246711 0.343137 0 0
1399 -0.246711 0.343137 0 0
1400 -0.246711 0.343137 0 0
1401 -0.246711 0.343137 0 0
1402 -0.246711 0.345588 0 0.00245097
1403 -0.246711 0.343137 0 -0.00245097
1404 -0.246711 0.343137 0 0
1405 -0.246711 0.343137 0 0
1406 -0.246711 0.343137 0 0
1407 -0.246711 0.343137 0 0
1408 -0.246711 0.345588 0 0.00245097
1409 -0.246711 0.345588 0 0
1410 -0.246711 0.345588 0 0
1411 -0.243421 0.343137 0.00328948 -0.00245097
1412 -0.243421 0.343137 0 0
1413 -0.243421 0.343137 0 0
1414 -0.243421 0.343137 0 0
1415 -0.243421 0.343137 0 0
1416 -0.243421 0.343137 0 0
1417 -0.243421 0.345588 0 0.00245097
1418 -0.243421 0.345588 0 0
1419 -0.243421 0.345588 0 0
1420 -0.243421 0.345588 0 0
1421 -0.243421 0.345588 0 0
1422 -0.243421 0.345588 0 0
1423 -0.243421 0.345588 0 0
1424 -0.243421 0.345588 0 0
1425 -0.243421 0.343137 0 -0.00245097
1426 -0.243421 0.343137 0 0
1427 -0.243421 0.343137 0 0
1428 -0.246711 0.343137 -0.00328948 0
1429 -0.246711 0.343137 0 0
1430 -0.246711 0.343137 0 0
1431 -0.246711 0.343137 0 0
1432 -0.246711 0.343137 0 0
1433 -0.246711 0.343137 0 0
1434 -0.246711 0.345588 0 0.00245097
1435 -0.246711 0.345588 0 0
1436 -0.246711 0.345588 0 0
1437 -0.246711 0.345588 0 0
1438 -0.246711 0.345588 0 0
1439 -0.246711 0.345588 0 0
1440 -0.246711 0.345588 0 0
1441 -0.240132 0.345588 0.00657895 0
1442 -0.240132 0.345588 0 0
1443 -0.240132 0.345588 0 0
