1 -0.436047 0.418231
45 -0.438953 0.436997
89 -0.436047 0.436997
133 -0.40407 0.434316
177 -0.375 0.410188
221 -0.334302 0.399464
265 -0.267442 0.372654
309 -0.203488 0.353887
353 -0.142442 0.378016
397 -0.113372 0.418231
441 -0.113372 0.479893
485 -0.101744 0.55496
529 -0.0988372 0.632708
573 -0.0755814 0.702413
617 -0.0639535 0.780161
661 -0.0639535 0.844504
705 -0.0552326 0.911528
749 -0.0581395 0.959786
793 -0.0406977 0.983914
837 -0.0436046 0.9437
881 -0.0494186 0.906166
925 -0.0377907 0.855228
969 -0.0436046 0.80429
1013 -0.0406977 0.764075
1057 -0.0552326 0.691689
1101 -0.0581395 0.651475
1145 -0.0581395 0.605898
1189 -0.0494186 0.560322
1233 -0.0552326 0.512064
1277 -0.0610465 0.458445
1321 -0.0552326 0.396783
1365 -0.0581395 0.367292
1409 -0.0552326 0.378016
