1 -0.497093 0.265416
51 -0.497093 0.273458
101 -0.488372 0.289544
151 -0.459302 0.260054
201 -0.406977 0.254692
251 -0.34593 0.243968
301 -0.270349 0.227882
351 -0.206395 0.22252
401 -0.139535 0.265416
451 -0.107558 0.33244
501 -0.0901163 0.396783
551 -0.0843023 0.458445
601 -0.0843023 0.530831
651 -0.0697674 0.616622
701 -0.0843023 0.683646
751 -0.0726744 0.739946
801 -0.0784884 0.80429
851 -0.0697674 0.86059
901 -0.0610465 0.906166
951 -0.0465116 0.922252
1001 -0.0523256 0.922252
1051 -0.0523256 0.924933
1101 -0.0436046 0.922252
