1 -0.372093 0.469169
51 -0.386628 0.479893
101 -0.389535 0.485255
151 -0.383721 0.477212
201 -0.377907 0.477212
251 -0.337209 0.477212
301 -0.27907 0.458445
351 -0.22093 0.458445
401 -0.186047 0.469169
451 -0.151163 0.504021
501 -0.119186 0.560322
551 -0.101744 0.613941
601 -0.0901163 0.697051
651 -0.0872093 0.77748
701 -0.0813954 0.844504
751 -0.0784884 0.922252
801 -0.0843023 0.981233
851 -0.0697674 1.02949
901 -0.0639535 1.04558
951 -0.0494186 1.01877
1001 -0.0494186 0.965147
1051 -0.0494186 0.935657
1101 -0.0494186 0.892761
1151 -0.0552326 0.825737
1201 -0.0668605 0.764075
1251 -0.0697674 0.680965
1301 -0.0726744 0.621984
1351 -0.0755814 0.549598
1401 -0.0726744 0.49866
1451 -0.0494186 0.455764
1501 -0.0610465 0.458445
1551 -0.0552326 0.466488
1601 -0.0581395 0.455764
