1 -0.364672 0.41866
2 -0.364672 0.41866
3 -0.364672 0.41866
4 -0.361823 0.41866
5 -0.361823 0.416268
6 -0.361823 0.416268
7 -0.364672 0.416268
8 -0.364672 0.416268
9 -0.364672 0.416268
10 -0.364672 0.416268
11 -0.364672 0.416268
12 -0.364672 0.41866
13 -0.367521 0.421053
14 -0.367521 0.421053
15 -0.37037 0.423445
16 -0.37037 0.425837
17 -0.37037 0.425837
18 -0.37037 0.425837
19 -0.373219 0.42823
20 -0.37037 0.42823
21 -0.373219 0.42823
22 -0.373219 0.42823
23 -0.373219 0.42823
24 -0.373219 0.42823
25 -0.373219 0.42823
26 -0.376068 0.42823
27 -0.376068 0.42823
28 -0.373219 0.42823
29 -0.373219 0.42823
30 -0.376068 0.425837
31 -0.378917 0.425837
32 -0.378917 0.425837
33 -0.378917 0.425837
34 -0.378917 0.425837
35 -0.378917 0.425837
36 -0.378917 0.425837
37 -0.378917 0.423445
38 -0.378917 0.423445
39 -0.378917 0.423445
40 -0.378917 0.423445
41 -0.378917 0.423445
42 -0.378917 0.423445
43 -0.378917 0.423445
44 -0.378917 0.423445
45 -0.376068 0.425837
46 -0.376068 0.425837
47 -0.378917 0.425837
48 -0.378917 0.425837
49 -0.378917 0.425837
50 -0.378917 0.425837
51 -0.378917 0.42823
52 -0.378917 0.42823
53 -0.378917 0.42823
54 -0.378917 0.42823
55 -0.378917 0.42823
56 -0.378917 0.42823
57 -0.378917 0.42823
58 -0.378917 0.42823
59 -0.378917 0.42823
60 -0.378917 0.42823
61 -0.378917 0.42823
62 -0.378917 0.42823
63 -0.378917 0.42823
64 -0.378917 0.42823
65 -0.378917 0.42823
66 -0.378917 0.42823
67 -0.378917 0.42823
68 -0.378917 0.42823
69 -0.378917 0.42823
70 -0.378917 0.42823
71 -0.378917 0.42823
72 -0.378917 0.42823
73 -0.378917 0.42823
74 -0.378917 0.42823
75 -0.378917 0.430622
76 -0.378917 0.430622
77 -0.378917 0.430622
78 -0.378917 0.430622
79 -0.378917 0.430622
80 -0.378917 0.430622
81 -0.378917 0.430622
82 -0.378917 0.433014
83 -0.378917 0.433014
84 -0.378917 0.433014
85 -0.378917 0.433014
86 -0.378917 0.433014
87 -0.381766 0.433014
88 -0.381766 0.435407
89 -0.381766 0.435407
90 -0.381766 0.435407
91 -0.381766 0.435407
92 -0.381766 0.435407
93 -0.381766 0.435407
94 -0.381766 0.435407
95 -0.381766 0.435407
96 -0.381766 0.435407
97 -0.381766 0.435407
98 -0.381766 0.435407
99 -0.381766 0.433014
100 -0.381766 0.433014
101 -0.381766 0.433014
102 -0.381766 0.433014
103 -0.381766 0.433014
104 -0.381766 0.433014
105 -0.381766 0.433014
106 -0.384615 0.433014
107 -0.384615 0.433014
108 -0.381766 0.433014
109 -0.381766 0.430622
110 -0.381766 0.433014
111 -0.381766 0.430622
112 -0.384615 0.430622
113 -0.384615 0.430622
114 -0.384615 0.430622
115 -0.384615 0.430622
116 -0.384615 0.430622
117 -0.384615 0.430622
118 -0.384615 0.42823
119 -0.384615 0.42823
120 -0.381766 0.42823
121 -0.381766 0.42823
122 -0.381766 0.42823
123 -0.381766 0.42823
124 -0.381766 0.42823
125 -0.381766 0.42823
126 -0.381766 0.42823
127 -0.381766 0.42823
128 -0.381766 0.42823
129 -0.378917 0.42823
130 -0.378917 0.42823
131 -0.378917 0.42823
132 -0.378917 0.42823
133 -0.378917 0.42823
134 -0.378917 0.42823
135 -0.378917 0.42823
136 -0.378917 0.42823
137 -0.376068 0.42823
138 -0.378917 0.425837
139 -0.378917 0.425837
140 -0.376068 0.425837
141 -0.376068 0.425837
142 -0.376068 0.425837
143 -0.376068 0.425837
144 -0.376068 0.425837
145 -0.376068 0.425837
146 -0.376068 0.425837
147 -0.376068 0.425837
148 -0.376068 0.42823
149 -0.376068 0.425837
150 -0.376068 0.425837
151 -0.376068 0.425837
152 -0.376068 0.425837
153 -0.376068 0.425837
154 -0.376068 0.425837
155 -0.376068 0.425837
156 -0.376068 0.425837
157 -0.376068 0.42823
158 -0.376068 0.42823
159 -0.376068 0.42823
160 -0.376068 0.42823
161 -0.376068 0.42823
162 -0.376068 0.42823
163 -0.376068 0.425837
164 -0.378917 0.425837
165 -0.376068 0.425837
166 -0.376068 0.425837
167 -0.378917 0.425837
168 -0.376068 0.425837
169 -0.376068 0.425837
170 -0.376068 0.425837
171 -0.376068 0.425837
172 -0.376068 0.425837
173 -0.376068 0.425837
174 -0.376068 0.425837
175 -0.376068 0.425837
176 -0.376068 0.425837
177 -0.376068 0.425837
178 -0.376068 0.425837
179 -0.376068 0.425837
180 -0.376068 0.425837
181 -0.373219 0.425837
182 -0.373219 0.425837
183 -0.373219 0.425837
184 -0.373219 0.425837
185 -0.373219 0.425837
186 -0.373219 0.425837
187 -0.373219 0.425837
188 -0.373219 0.425837
189 -0.376068 0.425837
190 -0.376068 0.425837
191 -0.373219 0.425837
192 -0.373219 0.425837
193 -0.373219 0.425837
194 -0.373219 0.425837
195 -0.373219 0.425837
196 -0.373219 0.425837
197 -0.373219 0.425837
198 -0.373219 0.425837
199 -0.37037 0.425837
200 -0.37037 0.425837
201 -0.37037 0.425837
202 -0.37037 0.425837
203 -0.367521 0.425837
204 -0.367521 0.42823
205 -0.367521 0.42823
206 -0.367521 0.42823
207 -0.364672 0.42823
208 -0.364672 0.42823
209 -0.364672 0.425837
210 -0.364672 0.425837
211 -0.361823 0.423445
212 -0.361823 0.425837
213 -0.361823 0.423445
214 -0.358974 0.423445
215 -0.358974 0.425837
216 -0.358974 0.425837
217 -0.358974 0.423445
218 -0.358974 0.423445
219 -0.356125 0.423445
220 -0.353276 0.425837
221 -0.353276 0.425837
222 -0.353276 0.425837
223 -0.353276 0.425837
224 -0.350427 0.425837
225 -0.350427 0.423445
226 -0.350427 0.425837
227 -0.350427 0.425837
228 -0.347578 0.423445
229 -0.347578 0.423445
230 -0.347578 0.425837
231 -0.347578 0.425837
232 -0.347578 0.423445
233 -0.344729 0.425837
234 -0.344729 0.425837
235 -0.344729 0.425837
236 -0.344729 0.425837
237 -0.344729 0.425837
238 -0.34188 0.425837
239 -0.34188 0.425837
240 -0.34188 0.425837
241 -0.339031 0.425837
242 -0.339031 0.423445
243 -0.339031 0.425837
244 -0.339031 0.425837
245 -0.336182 0.425837
246 -0.336182 0.425837
247 -0.333333 0.425837
248 -0.333333 0.425837
249 -0.333333 0.425837
250 -0.333333 0.425837
251 -0.330484 0.425837
252 -0.330484 0.425837
253 -0.327635 0.425837
254 -0.327635 0.425837
255 -0.327635 0.425837
256 -0.324786 0.425837
257 -0.321937 0.425837
258 -0.321937 0.425837
259 -0.321937 0.425837
260 -0.319088 0.425837
261 -0.319088 0.425837
262 -0.316239 0.425837
263 -0.316239 0.425837
264 -0.316239 0.425837
265 -0.31339 0.425837
266 -0.31339 0.425837
267 -0.310541 0.425837
268 -0.310541 0.425837
269 -0.307692 0.425837
270 -0.307692 0.425837
271 -0.307692 0.423445
272 -0.304843 0.423445
273 -0.304843 0.423445
274 -0.301994 0.423445
275 -0.301994 0.423445
276 -0.299145 0.423445
277 -0.299145 0.423445
278 -0.299145 0.421053
279 -0.299145 0.421053
280 -0.299145 0.41866
281 -0.296296 0.41866
282 -0.296296 0.41866
283 -0.293447 0.41866
284 -0.293447 0.41866
285 -0.293447 0.41866
286 -0.290598 0.416268
287 -0.290598 0.416268
288 -0.290598 0.413876
289 -0.287749 0.413876
290 -0.290598 0.413876
291 -0.287749 0.413876
292 -0.287749 0.413876
293 -0.2849 0.411483
294 -0.2849 0.411483
295 -0.282051 0.409091
296 -0.282051 0.409091
297 -0.279202 0.409091
298 -0.279202 0.409091
299 -0.279202 0.409091
300 -0.276353 0.409091
301 -0.273504 0.409091
302 -0.273504 0.409091
303 -0.273504 0.409091
304 -0.270655 0.409091
305 -0.270655 0.409091
306 -0.270655 0.409091
307 -0.267806 0.409091
308 -0.264957 0.409091
309 -0.264957 0.406699
310 -0.264957 0.409091
311 -0.262108 0.406699
312 -0.262108 0.406699
313 -0.262108 0.406699
314 -0.259259 0.406699
315 -0.25641 0.406699
316 -0.25641 0.404306
317 -0.25641 0.404306
318 -0.253561 0.406699
319 -0.250712 0.406699
320 -0.250712 0.404306
321 -0.247863 0.406699
322 -0.247863 0.404306
323 -0.247863 0.404306
324 -0.245014 0.404306
325 -0.245014 0.404306
326 -0.242165 0.404306
327 -0.242165 0.406699
328 -0.239316 0.406699
329 -0.239316 0.406699
330 -0.236467 0.409091
331 -0.236467 0.404306
332 -0.233618 0.404306
333 -0.233618 0.404306
334 -0.233618 0.404306
335 -0.230769 0.404306
336 -0.22792 0.406699
337 -0.22792 0.406699
338 -0.22792 0.406699
339 -0.22792 0.406699
340 -0.225071 0.406699
341 -0.222222 0.406699
342 -0.222222 0.409091
343 -0.222222 0.409091
344 -0.222222 0.409091
345 -0.222222 0.406699
346 -0.219373 0.406699
347 -0.219373 0.409091
348 -0.219373 0.406699
349 -0.216524 0.406699
350 -0.216524 0.409091
351 -0.216524 0.409091
352 -0.216524 0.409091
353 -0.216524 0.409091
354 -0.216524 0.409091
355 -0.213675 0.411483
356 -0.213675 0.411483
357 -0.210826 0.411483
358 -0.210826 0.411483
359 -0.210826 0.411483
360 -0.207977 0.411483
361 -0.207977 0.411483
362 -0.207977 0.411483
363 -0.207977 0.409091
364 -0.205128 0.411483
365 -0.205128 0.411483
366 -0.205128 0.409091
367 -0.202279 0.409091
368 -0.202279 0.409091
369 -0.202279 0.409091
370 -0.19943 0.409091
371 -0.19943 0.409091
372 -0.19943 0.409091
373 -0.196581 0.409091
374 -0.196581 0.409091
375 -0.196581 0.409091
376 -0.196581 0.409091
377 -0.193732 0.409091
378 -0.193732 0.409091
379 -0.193732 0.406699
380 -0.193732 0.406699
381 -0.193732 0.411483
382 -0.190883 0.411483
383 -0.190883 0.411483
384 -0.190883 0.411483
385 -0.190883 0.409091
386 -0.190883 0.409091
387 -0.190883 0.409091
388 -0.188034 0.409091
389 -0.188034 0.409091
390 -0.190883 0.411483
391 -0.188034 0.413876
392 -0.188034 0.413876
393 -0.188034 0.413876
394 -0.188034 0.413876
395 -0.185185 0.413876
396 -0.185185 0.416268
397 -0.185185 0.416268
398 -0.185185 0.416268
399 -0.185185 0.416268
400 -0.182336 0.416268
401 -0.182336 0.41866
402 -0.182336 0.416268
403 -0.182336 0.41866
404 -0.182336 0.41866
405 -0.182336 0.41866
406 -0.179487 0.421053
407 -0.179487 0.421053
408 -0.179487 0.421053
409 -0.179487 0.421053
410 -0.179487 0.423445
411 -0.176638 0.421053
412 -0.176638 0.421053
413 -0.173789 0.423445
414 -0.173789 0.423445
415 -0.173789 0.425837
416 -0.17094 0.425837
417 -0.17094 0.425837
418 -0.17094 0.425837
419 -0.168091 0.42823
420 -0.168091 0.42823
421 -0.165242 0.42823
422 -0.165242 0.433014
423 -0.165242 0.433014
424 -0.165242 0.433014
425 -0.162393 0.433014
426 -0.162393 0.435407
427 -0.162393 0.435407
428 -0.162393 0.437799
429 -0.159544 0.437799
430 -0.159544 0.440191
431 -0.159544 0.440191
432 -0.159544 0.440191
433 -0.159544 0.442584
434 -0.156695 0.442584
435 -0.156695 0.442584
436 -0.156695 0.442584
437 -0.156695 0.442584
438 -0.156695 0.444976
439 -0.156695 0.442584
440 -0.153846 0.444976
441 -0.153846 0.444976
442 -0.153846 0.444976
443 -0.153846 0.444976
444 -0.150997 0.444976
445 -0.153846 0.447368
446 -0.150997 0.447368
447 -0.150997 0.447368
448 -0.150997 0.447368
449 -0.148148 0.447368
450 -0.148148 0.447368
451 -0.148148 0.449761
452 -0.145299 0.449761
453 -0.145299 0.449761
454 -0.145299 0.449761
455 -0.14245 0.452153
456 -0.14245 0.452153
457 -0.14245 0.452153
458 -0.139601 0.454545
459 -0.139601 0.454545
460 -0.136752 0.454545
461 -0.133903 0.454545
462 -0.133903 0.456938
463 -0.133903 0.456938
464 -0.133903 0.45933
465 -0.133903 0.45933
466 -0.131054 0.45933
467 -0.131054 0.45933
468 -0.131054 0.461722
469 -0.131054 0.461722
470 -0.131054 0.461722
471 -0.131054 0.464115
472 -0.131054 0.466507
473 -0.131054 0.466507
474 -0.128205 0.466507
475 -0.128205 0.4689
476 -0.125356 0.471292
477 -0.125356 0.471292
478 -0.125356 0.471292
479 -0.125356 0.473684
480 -0.125356 0.473684
481 -0.125356 0.476077
482 -0.125356 0.478469
483 -0.125356 0.478469
484 -0.122507 0.478469
485 -0.122507 0.480861
486 -0.122507 0.483254
487 -0.122507 0.483254
488 -0.119658 0.483254
489 -0.119658 0.485646
490 -0.119658 0.488038
491 -0.119658 0.485646
492 -0.119658 0.488038
493 -0.119658 0.490431
494 -0.119658 0.490431
495 -0.119658 0.492823
496 -0.119658 0.492823
497 -0.119658 0.495215
498 -0.116809 0.495215
499 -0.116809 0.497608
500 -0.116809 0.497608
501 -0.116809 0.5
502 -0.116809 0.502392
503 -0.116809 0.502392
504 -0.116809 0.502392
505 -0.116809 0.502392
506 -0.11396 0.504785
507 -0.11396 0.504785
508 -0.11396 0.504785
509 -0.116809 0.504785
510 -0.11396 0.507177
511 -0.11396 0.507177
512 -0.11396 0.509569
513 -0.11396 0.509569
514 -0.11396 0.511962
515 -0.11396 0.511962
516 -0.11396 0.514354
517 -0.111111 0.514354
518 -0.11396 0.514354
519 -0.11396 0.516746
520 -0.111111 0.516746
521 -0.111111 0.516746
522 -0.111111 0.519139
523 -0.111111 0.519139
524 -0.108262 0.521531
525 -0.108262 0.521531
526 -0.111111 0.523923
527 -0.108262 0.523923
528 -0.108262 0.526316
529 -0.108262 0.526316
530 -0.108262 0.526316
531 -0.105413 0.528708
532 -0.105413 0.5311
533 -0.105413 0.533493
534 -0.105413 0.533493
535 -0.105413 0.533493
536 -0.102564 0.533493
537 -0.102564 0.535885
538 -0.105413 0.535885
539 -0.102564 0.535885
540 -0.0997151 0.538278
541 -0.102564 0.54067
542 -0.102564 0.54067
543 -0.102564 0.54067
544 -0.105413 0.54067
545 -0.102564 0.543062
546 -0.0997151 0.543062
547 -0.102564 0.543062
548 -0.102564 0.543062
549 -0.0997151 0.545455
550 -0.0997151 0.545455
551 -0.0997151 0.547847
552 -0.0968661 0.547847
553 -0.102564 0.547847
554 -0.0997151 0.550239
555 -0.0968661 0.550239
556 -0.0940171 0.552632
557 -0.0968661 0.555024
558 -0.0968661 0.555024
559 -0.0968661 0.557416
560 -0.0968661 0.557416
561 -0.0968661 0.559809
562 -0.0968661 0.559809
563 -0.0968661 0.564593
564 -0.0968661 0.564593
565 -0.0968661 0.564593
566 -0.0968661 0.566986
567 -0.0968661 0.569378
568 -0.0968661 0.569378
569 -0.0968661 0.569378
570 -0.0968661 0.57177
571 -0.0940171 0.574163
572 -0.0968661 0.574163
573 -0.0968661 0.576555
574 -0.0968661 0.578947
575 -0.0940171 0.578947
576 -0.0968661 0.58134
577 -0.0940171 0.583732
578 -0.0968661 0.583732
579 -0.0968661 0.586124
580 -0.0940171 0.588517
581 -0.0940171 0.588517
582 -0.0968661 0.590909
583 -0.0968661 0.593301
584 -0.0940171 0.593301
585 -0.0968661 0.595694
586 -0.0940171 0.598086
587 -0.0968661 0.600478
588 -0.0940171 0.600478
589 -0.0911681 0.602871
590 -0.0940171 0.605263
591 -0.0940171 0.605263
592 -0.0940171 0.607656
593 -0.0911681 0.607656
594 -0.0911681 0.610048
595 -0.0911681 0.61244
596 -0.0911681 0.61244
597 -0.0911681 0.614833
598 -0.0911681 0.617225
599 -0.0911681 0.617225
600 -0.0911681 0.619617
601 -0.0883191 0.62201
602 -0.0883191 0.624402
603 -0.0883191 0.624402
604 -0.0854701 0.626794
605 -0.0883191 0.629187
606 -0.0883191 0.629187
607 -0.0883191 0.631579
608 -0.0883191 0.631579
609 -0.0883191 0.633971
610 -0.0883191 0.633971
611 -0.0911681 0.636364
612 -0.0911681 0.638756
613 -0.0883191 0.638756
614 -0.0911681 0.641148
615 -0.0911681 0.641148
616 -0.0883191 0.643541
617 -0.0911681 0.645933
618 -0.0940171 0.648325
619 -0.0911681 0.648325
620 -0.0940171 0.650718
621 -0.0911681 0.650718
622 -0.0911681 0.65311
623 -0.0911681 0.65311
624 -0.0883191 0.655502
625 -0.0911681 0.657895
626 -0.0911681 0.657895
627 -0.0911681 0.657895
628 -0.0911681 0.660287
629 -0.0911681 0.662679
630 -0.0911681 0.662679
631 -0.0911681 0.665072
632 -0.0911681 0.667464
633 -0.0911681 0.669856
634 -0.0911681 0.669856
635 -0.0940171 0.669856
636 -0.0911681 0.672249
637 -0.0911681 0.674641
638 -0.0911681 0.674641
639 -0.0883191 0.677033
640 -0.0883191 0.677033
641 -0.0883191 0.679426
642 -0.0911681 0.679426
643 -0.0883191 0.681818
644 -0.0883191 0.684211
645 -0.0854701 0.684211
646 -0.0883191 0.686603
647 -0.0883191 0.688995
648 -0.0854701 0.688995
649 -0.0854701 0.691388
650 -0.0854701 0.69378
651 -0.0854701 0.69378
652 -0.0854701 0.696172
653 -0.0883191 0.696172
654 -0.0854701 0.698565
655 -0.0854701 0.700957
656 -0.0883191 0.700957
657 -0.0854701 0.700957
658 -0.0854701 0.700957
659 -0.0854701 0.705742
660 -0.0854701 0.705742
661 -0.0854701 0.710526
662 -0.0854701 0.712919
663 -0.0826211 0.710526
664 -0.0826211 0.712919
665 -0.0826211 0.712919
666 -0.0826211 0.715311
667 -0.0826211 0.717703
668 -0.0826211 0.715311
669 -0.0826211 0.717703
670 -0.0826211 0.717703
671 -0.0797721 0.720096
672 -0.0826211 0.720096
673 -0.0826211 0.722488
674 -0.0826211 0.72488
675 -0.0826211 0.72488
676 -0.0826211 0.72488
677 -0.0826211 0.727273
678 -0.0826211 0.729665
679 -0.0826211 0.729665
680 -0.0826211 0.732057
681 -0.0797721 0.732057
682 -0.0826211 0.732057
683 -0.0826211 0.73445
684 -0.0826211 0.736842
685 -0.0826211 0.736842
686 -0.0797721 0.739234
687 -0.0826211 0.739234
688 -0.0826211 0.741627
689 -0.0826211 0.741627
690 -0.0826211 0.741627
691 -0.0826211 0.744019
692 -0.0826211 0.744019
693 -0.0826211 0.744019
694 -0.0797721 0.746412
695 -0.0797721 0.746412
696 -0.0797721 0.748804
697 -0.0797721 0.748804
698 -0.0797721 0.751196
699 -0.0769231 0.751196
700 -0.0797721 0.753588
701 -0.0797721 0.753588
702 -0.0769231 0.755981
703 -0.0769231 0.755981
704 -0.0769231 0.758373
705 -0.0769231 0.758373
706 -0.0769231 0.760766
707 -0.0769231 0.763158
708 -0.0769231 0.760766
709 -0.0769231 0.763158
710 -0.0769231 0.76555
711 -0.0769231 0.76555
712 -0.0769231 0.767943
713 -0.0769231 0.767943
714 -0.0797721 0.770335
715 -0.0769231 0.770335
716 -0.0769231 0.772727
717 -0.0769231 0.772727
718 -0.0769231 0.77512
719 -0.0769231 0.77512
720 -0.0769231 0.777512
721 -0.0769231 0.779904
722 -0.0769231 0.779904
723 -0.0740741 0.782297
724 -0.0740741 0.784689
725 -0.0769231 0.787081
726 -0.0769231 0.787081
727 -0.0740741 0.789474
728 -0.0740741 0.791866
729 -0.0740741 0.791866
730 -0.0740741 0.794258
731 -0.0740741 0.796651
732 -0.0740741 0.796651
733 -0.0769231 0.799043
734 -0.0769231 0.799043
735 -0.0740741 0.799043
736 -0.0740741 0.801435
737 -0.0740741 0.803828
738 -0.0769231 0.803828
739 -0.0769231 0.80622
740 -0.0740741 0.808612
741 -0.0740741 0.808612
742 -0.0740741 0.808612
743 -0.0740741 0.813397
744 -0.0740741 0.813397
745 -0.0740741 0.813397
746 -0.0740741 0.815789
747 -0.0740741 0.815789
748 -0.0740741 0.818182
749 -0.0740741 0.818182
750 -0.0769231 0.820574
751 -0.0769231 0.822967
752 -0.0769231 0.822967
753 -0.0769231 0.825359
754 -0.0769231 0.825359
755 -0.0769231 0.827751
756 -0.0769231 0.827751
757 -0.0769231 0.827751
758 -0.0769231 0.830144
759 -0.0769231 0.832536
760 -0.0769231 0.832536
761 -0.0769231 0.834928
762 -0.0769231 0.834928
763 -0.0769231 0.837321
764 -0.0797721 0.837321
765 -0.0797721 0.837321
766 -0.0797721 0.839713
767 -0.0797721 0.839713
768 -0.0826211 0.842105
769 -0.0797721 0.842105
770 -0.0826211 0.842105
771 -0.0826211 0.844498
772 -0.0826211 0.844498
773 -0.0826211 0.844498
774 -0.0826211 0.84689
775 -0.0826211 0.84689
776 -0.0826211 0.84689
777 -0.0826211 0.849282
778 -0.0826211 0.84689
779 -0.0826211 0.851675
780 -0.0826211 0.854067
781 -0.0826211 0.854067
782 -0.0826211 0.856459
783 -0.0826211 0.856459
784 -0.0826211 0.856459
785 -0.0826211 0.858852
786 -0.0826211 0.858852
787 -0.0826211 0.858852
788 -0.0826211 0.858852
789 -0.0826211 0.861244
790 -0.0826211 0.861244
791 -0.0854701 0.863636
792 -0.0826211 0.863636
793 -0.0826211 0.866029
794 -0.0854701 0.866029
795 -0.0854701 0.868421
796 -0.0826211 0.868421
797 -0.0826211 0.870813
798 -0.0854701 0.873206
799 -0.0826211 0.873206
800 -0.0826211 0.873206
801 -0.0826211 0.875598
802 -0.0826211 0.875598
803 -0.0826211 0.87799
804 -0.0826211 0.87799
805 -0.0826211 0.880383
806 -0.0826211 0.880383
807 -0.0826211 0.882775
808 -0.0826211 0.882775
809 -0.0826211 0.882775
810 -0.0826211 0.885167
811 -0.0797721 0.885167
812 -0.0797721 0.88756
813 -0.0797721 0.88756
814 -0.0797721 0.88756
815 -0.0797721 0.889952
816 -0.0797721 0.889952
817 -0.0797721 0.889952
818 -0.0797721 0.892344
819 -0.0797721 0.892344
820 -0.0769231 0.892344
821 -0.0769231 0.894737
822 -0.0769231 0.894737
823 -0.0769231 0.894737
824 -0.0769231 0.894737
825 -0.0769231 0.897129
826 -0.0769231 0.897129
827 -0.0740741 0.899522
828 -0.0769231 0.899522
829 -0.0740741 0.899522
830 -0.0740741 0.899522
831 -0.0740741 0.901914
832 -0.0740741 0.901914
833 -0.0740741 0.904306
834 -0.0740741 0.904306
835 -0.0740741 0.904306
836 -0.0740741 0.906699
837 -0.0712251 0.906699
838 -0.0712251 0.906699
839 -0.0712251 0.909091
840 -0.0712251 0.909091
841 -0.0712251 0.911483
842 -0.0712251 0.911483
843 -0.0712251 0.911483
844 -0.0683761 0.913876
845 -0.0683761 0.913876
846 -0.0683761 0.913876
847 -0.0683761 0.916268
848 -0.0683761 0.916268
849 -0.0683761 0.916268
850 -0.0683761 0.91866
851 -0.0683761 0.91866
852 -0.0683761 0.91866
853 -0.0683761 0.91866
854 -0.0683761 0.91866
855 -0.0683761 0.921053
856 -0.0683761 0.921053
857 -0.0683761 0.921053
858 -0.0683761 0.923445
859 -0.0683761 0.923445
860 -0.0683761 0.923445
861 -0.0683761 0.925837
862 -0.0683761 0.923445
863 -0.0683761 0.923445
864 -0.0683761 0.925837
865 -0.0683761 0.925837
866 -0.0683761 0.92823
867 -0.0683761 0.92823
868 -0.0683761 0.92823
869 -0.0683761 0.92823
870 -0.0683761 0.92823
871 -0.0683761 0.925837
872 -0.0683761 0.925837
873 -0.0683761 0.92823
874 -0.0683761 0.92823
875 -0.0683761 0.92823
876 -0.0683761 0.92823
877 -0.0683761 0.92823
878 -0.0683761 0.92823
879 -0.0683761 0.92823
880 -0.0655271 0.92823
881 -0.0655271 0.92823
882 -0.0655271 0.92823
883 -0.0683761 0.925837
884 -0.0683761 0.925837
885 -0.0655271 0.925837
886 -0.0655271 0.925837
887 -0.0655271 0.925837
888 -0.0655271 0.925837
889 -0.0655271 0.925837
890 -0.0655271 0.925837
891 -0.0626781 0.925837
892 -0.0626781 0.92823
893 -0.0626781 0.92823
894 -0.0655271 0.92823
895 -0.0655271 0.92823
896 -0.0655271 0.92823
897 -0.0655271 0.92823
898 -0.0655271 0.92823
899 -0.0626781 0.92823
900 -0.0626781 0.92823
901 -0.0626781 0.933014
902 -0.0626781 0.933014
903 -0.0598291 0.933014
904 -0.0598291 0.930622
905 -0.0598291 0.933014
906 -0.0598291 0.933014
907 -0.0598291 0.933014
908 -0.0598291 0.933014
909 -0.0598291 0.933014
910 -0.0598291 0.933014
911 -0.0598291 0.933014
912 -0.0598291 0.933014
913 -0.0598291 0.933014
914 -0.0598291 0.933014
915 -0.0598291 0.933014
916 -0.0598291 0.933014
917 -0.0598291 0.933014
918 -0.0598291 0.933014
919 -0.0598291 0.933014
920 -0.0569801 0.933014
921 -0.0569801 0.933014
922 -0.0569801 0.933014
923 -0.0569801 0.933014
924 -0.0569801 0.933014
925 -0.0569801 0.933014
926 -0.0569801 0.933014
927 -0.0569801 0.933014
928 -0.0569801 0.933014
929 -0.0569801 0.930622
930 -0.0541311 0.930622
931 -0.0541311 0.930622
932 -0.0541311 0.930622
933 -0.0541311 0.930622
934 -0.0541311 0.930622
935 -0.0541311 0.92823
936 -0.0512821 0.92823
937 -0.0512821 0.92823
938 -0.0512821 0.925837
939 -0.0512821 0.925837
940 -0.0512821 0.923445
941 -0.0512821 0.923445
942 -0.0541311 0.921053
943 -0.0512821 0.921053
944 -0.0512821 0.91866
945 -0.0512821 0.916268
946 -0.0512821 0.916268
947 -0.0512821 0.916268
948 -0.048433 0.913876
949 -0.0512821 0.911483
950 -0.0512821 0.909091
951 -0.048433 0.909091
952 -0.048433 0.906699
953 -0.0512821 0.906699
954 -0.0512821 0.906699
955 -0.048433 0.904306
956 -0.048433 0.904306
957 -0.048433 0.901914
958 -0.0512821 0.901914
959 -0.0512821 0.899522
960 -0.048433 0.899522
961 -0.048433 0.899522
962 -0.048433 0.897129
963 -0.048433 0.894737
964 -0.048433 0.894737
965 -0.048433 0.894737
966 -0.048433 0.892344
967 -0.048433 0.889952
968 -0.048433 0.889952
969 -0.048433 0.88756
970 -0.048433 0.885167
971 -0.045584 0.88756
972 -0.045584 0.885167
973 -0.045584 0.882775
974 -0.048433 0.882775
975 -0.045584 0.880383
976 -0.045584 0.880383
977 -0.045584 0.87799
978 -0.045584 0.87799
979 -0.045584 0.87799
980 -0.045584 0.875598
981 -0.045584 0.875598
982 -0.045584 0.875598
983 -0.045584 0.873206
984 -0.045584 0.873206
985 -0.045584 0.873206
986 -0.045584 0.873206
987 -0.045584 0.873206
988 -0.045584 0.870813
989 -0.045584 0.870813
990 -0.045584 0.870813
991 -0.045584 0.868421
992 -0.045584 0.868421
993 -0.045584 0.866029
994 -0.045584 0.866029
995 -0.045584 0.866029
996 -0.048433 0.863636
997 -0.048433 0.863636
998 -0.048433 0.863636
999 -0.048433 0.861244
1000 -0.048433 0.861244
1001 -0.048433 0.861244
1002 -0.048433 0.861244
1003 -0.048433 0.858852
1004 -0.0512821 0.858852
1005 -0.0512821 0.858852
1006 -0.0512821 0.856459
1007 -0.0512821 0.856459
1008 -0.0512821 0.856459
1009 -0.0512821 0.856459
1010 -0.0512821 0.856459
1011 -0.0512821 0.856459
1012 -0.0512821 0.856459
1013 -0.0512821 0.856459
1014 -0.0541311 0.856459
1015 -0.0541311 0.856459
1016 -0.0541311 0.856459
1017 -0.0541311 0.856459
1018 -0.0541311 0.856459
1019 -0.0541311 0.854067
1020 -0.0541311 0.854067
1021 -0.0541311 0.854067
1022 -0.0541311 0.854067
1023 -0.0541311 0.851675
1024 -0.0541311 0.851675
1025 -0.0541311 0.851675
1026 -0.0541311 0.851675
1027 -0.0541311 0.851675
1028 -0.0541311 0.851675
1029 -0.0512821 0.851675
1030 -0.0512821 0.849282
1031 -0.0512821 0.849282
1032 -0.0512821 0.849282
1033 -0.0512821 0.849282
1034 -0.0512821 0.84689
1035 -0.0512821 0.84689
1036 -0.0512821 0.844498
1037 -0.0512821 0.844498
1038 -0.048433 0.844498
1039 -0.048433 0.844498
1040 -0.048433 0.842105
1041 -0.0512821 0.839713
1042 -0.048433 0.839713
1043 -0.0512821 0.839713
1044 -0.048433 0.837321
1045 -0.048433 0.837321
1046 -0.0512821 0.834928
1047 -0.0512821 0.834928
1048 -0.048433 0.834928
1049 -0.048433 0.834928
1050 -0.045584 0.832536
1051 -0.048433 0.834928
1052 -0.048433 0.832536
1053 -0.048433 0.832536
1054 -0.048433 0.832536
1055 -0.045584 0.832536
1056 -0.045584 0.830144
1057 -0.042735 0.827751
1058 -0.045584 0.830144
1059 -0.045584 0.827751
1060 -0.045584 0.827751
1061 -0.045584 0.827751
1062 -0.045584 0.825359
1063 -0.045584 0.825359
1064 -0.045584 0.822967
1065 -0.045584 0.822967
1066 -0.045584 0.820574
1067 -0.045584 0.820574
1068 -0.042735 0.818182
1069 -0.042735 0.818182
1070 -0.042735 0.818182
1071 -0.042735 0.815789
1072 -0.045584 0.815789
1073 -0.045584 0.813397
1074 -0.042735 0.813397
1075 -0.042735 0.813397
1076 -0.042735 0.811005
1077 -0.045584 0.811005
1078 -0.042735 0.811005
1079 -0.042735 0.811005
1080 -0.045584 0.811005
1081 -0.045584 0.808612
1082 -0.042735 0.808612
1083 -0.042735 0.808612
1084 -0.045584 0.80622
1085 -0.045584 0.80622
1086 -0.045584 0.80622
1087 -0.045584 0.803828
1088 -0.045584 0.803828
1089 -0.045584 0.803828
1090 -0.045584 0.803828
1091 -0.045584 0.801435
1092 -0.045584 0.801435
1093 -0.045584 0.801435
1094 -0.045584 0.799043
1095 -0.045584 0.799043
1096 -0.045584 0.799043
1097 -0.048433 0.796651
1098 -0.045584 0.796651
1099 -0.048433 0.796651
1100 -0.048433 0.796651
1101 -0.048433 0.796651
1102 -0.048433 0.794258
1103 -0.048433 0.794258
1104 -0.048433 0.794258
1105 -0.0512821 0.791866
1106 -0.0512821 0.791866
1107 -0.0512821 0.791866
1108 -0.0512821 0.789474
1109 -0.0512821 0.789474
1110 -0.0512821 0.787081
1111 -0.0512821 0.787081
1112 -0.0512821 0.784689
1113 -0.0512821 0.784689
1114 -0.0541311 0.782297
1115 -0.0512821 0.782297
1116 -0.0512821 0.779904
1117 -0.0512821 0.779904
1118 -0.0512821 0.779904
1119 -0.0512821 0.777512
1120 -0.0512821 0.777512
1121 -0.0512821 0.777512
1122 -0.0512821 0.77512
1123 -0.0512821 0.77512
1124 -0.0512821 0.77512
1125 -0.0512821 0.77512
1126 -0.0541311 0.772727
1127 -0.0512821 0.772727
1128 -0.0512821 0.770335
1129 -0.0512821 0.767943
1130 -0.0512821 0.767943
1131 -0.0512821 0.767943
1132 -0.0512821 0.76555
1133 -0.048433 0.76555
1134 -0.0512821 0.763158
1135 -0.0512821 0.763158
1136 -0.0512821 0.760766
1137 -0.0512821 0.758373
1138 -0.0512821 0.758373
1139 -0.0512821 0.755981
1140 -0.0541311 0.753588
1141 -0.0541311 0.753588
1142 -0.0512821 0.751196
1143 -0.0512821 0.751196
1144 -0.0541311 0.748804
1145 -0.0541311 0.746412
1146 -0.0512821 0.746412
1147 -0.0512821 0.744019
1148 -0.0541311 0.744019
1149 -0.0541311 0.741627
1150 -0.0512821 0.739234
1151 -0.0541311 0.736842
1152 -0.0569801 0.736842
1153 -0.0541311 0.736842
1154 -0.0541311 0.73445
1155 -0.0541311 0.73445
1156 -0.0569801 0.73445
1157 -0.0569801 0.732057
1158 -0.0541311 0.729665
1159 -0.0569801 0.732057
1160 -0.0598291 0.729665
1161 -0.0569801 0.727273
1162 -0.0569801 0.727273
1163 -0.0569801 0.72488
1164 -0.0569801 0.72488
1165 -0.0598291 0.72488
1166 -0.0569801 0.722488
1167 -0.0569801 0.722488
1168 -0.0569801 0.720096
1169 -0.0569801 0.720096
1170 -0.0598291 0.720096
1171 -0.0598291 0.720096
1172 -0.0598291 0.720096
1173 -0.0598291 0.717703
1174 -0.0569801 0.717703
1175 -0.0598291 0.715311
1176 -0.0598291 0.715311
1177 -0.0626781 0.712919
1178 -0.0626781 0.710526
1179 -0.0626781 0.710526
1180 -0.0626781 0.710526
1181 -0.0626781 0.710526
1182 -0.0598291 0.705742
1183 -0.0626781 0.705742
1184 -0.0626781 0.705742
1185 -0.0626781 0.703349
1186 -0.0626781 0.703349
1187 -0.0655271 0.700957
1188 -0.0626781 0.698565
1189 -0.0626781 0.698565
1190 -0.0626781 0.696172
1191 -0.0655271 0.69378
1192 -0.0655271 0.69378
1193 -0.0655271 0.691388
1194 -0.0655271 0.691388
1195 -0.0655271 0.688995
1196 -0.0683761 0.688995
1197 -0.0655271 0.686603
1198 -0.0655271 0.686603
1199 -0.0655271 0.684211
1200 -0.0655271 0.681818
1201 -0.0655271 0.681818
1202 -0.0655271 0.681818
1203 -0.0655271 0.681818
1204 -0.0655271 0.679426
1205 -0.0655271 0.677033
1206 -0.0683761 0.677033
1207 -0.0626781 0.674641
1208 -0.0655271 0.672249
1209 -0.0655271 0.672249
1210 -0.0655271 0.669856
1211 -0.0655271 0.667464
1212 -0.0655271 0.667464
1213 -0.0655271 0.665072
1214 -0.0655271 0.662679
1215 -0.0683761 0.662679
1216 -0.0626781 0.660287
1217 -0.0655271 0.657895
1218 -0.0655271 0.655502
1219 -0.0655271 0.655502
1220 -0.0626781 0.65311
1221 -0.0655271 0.650718
1222 -0.0683761 0.650718
1223 -0.0626781 0.648325
1224 -0.0655271 0.645933
1225 -0.0655271 0.645933
1226 -0.0626781 0.643541
1227 -0.0626781 0.643541
1228 -0.0655271 0.641148
1229 -0.0655271 0.638756
1230 -0.0626781 0.638756
1231 -0.0683761 0.638756
1232 -0.0683761 0.636364
1233 -0.0683761 0.633971
1234 -0.0683761 0.633971
1235 -0.0683761 0.633971
1236 -0.0683761 0.631579
1237 -0.0655271 0.631579
1238 -0.0683761 0.629187
1239 -0.0683761 0.629187
1240 -0.0655271 0.626794
1241 -0.0655271 0.624402
1242 -0.0655271 0.62201
1243 -0.0655271 0.62201
1244 -0.0683761 0.619617
1245 -0.0683761 0.619617
1246 -0.0683761 0.617225
1247 -0.0683761 0.614833
1248 -0.0683761 0.614833
1249 -0.0655271 0.61244
1250 -0.0655271 0.61244
1251 -0.0683761 0.607656
1252 -0.0683761 0.607656
1253 -0.0655271 0.605263
1254 -0.0683761 0.602871
1255 -0.0655271 0.602871
1256 -0.0655271 0.600478
1257 -0.0655271 0.600478
1258 -0.0655271 0.598086
1259 -0.0655271 0.595694
1260 -0.0655271 0.595694
1261 -0.0655271 0.593301
1262 -0.0655271 0.593301
1263 -0.0655271 0.593301
1264 -0.0655271 0.590909
1265 -0.0655271 0.590909
1266 -0.0655271 0.588517
1267 -0.0655271 0.588517
1268 -0.0655271 0.588517
1269 -0.0655271 0.588517
1270 -0.0655271 0.586124
1271 -0.0655271 0.583732
1272 -0.0655271 0.583732
1273 -0.0683761 0.583732
1274 -0.0683761 0.58134
1275 -0.0655271 0.58134
1276 -0.0655271 0.578947
1277 -0.0655271 0.578947
1278 -0.0655271 0.578947
1279 -0.0655271 0.578947
1280 -0.0655271 0.576555
1281 -0.0683761 0.574163
1282 -0.0683761 0.574163
1283 -0.0655271 0.574163
1284 -0.0683761 0.574163
1285 -0.0712251 0.574163
1286 -0.0712251 0.574163
1287 -0.0683761 0.57177
1288 -0.0683761 0.57177
1289 -0.0683761 0.569378
1290 -0.0712251 0.569378
1291 -0.0683761 0.569378
1292 -0.0683761 0.569378
1293 -0.0712251 0.569378
1294 -0.0683761 0.566986
1295 -0.0712251 0.564593
1296 -0.0740741 0.564593
1297 -0.0740741 0.562201
1298 -0.0712251 0.559809
1299 -0.0712251 0.557416
1300 -0.0769231 0.557416
1301 -0.0712251 0.555024
1302 -0.0740741 0.555024
1303 -0.0740741 0.552632
1304 -0.0740741 0.552632
1305 -0.0740741 0.550239
1306 -0.0740741 0.547847
1307 -0.0740741 0.547847
1308 -0.0740741 0.545455
1309 -0.0740741 0.545455
1310 -0.0740741 0.543062
1311 -0.0769231 0.543062
1312 -0.0740741 0.54067
1313 -0.0740741 0.538278
1314 -0.0712251 0.535885
1315 -0.0712251 0.535885
1316 -0.0712251 0.533493
1317 -0.0683761 0.533493
1318 -0.0683761 0.5311
1319 -0.0683761 0.528708
1320 -0.0683761 0.528708
1321 -0.0683761 0.523923
1322 -0.0655271 0.523923
1323 -0.0683761 0.523923
1324 -0.0655271 0.519139
1325 -0.0683761 0.519139
1326 -0.0683761 0.519139
1327 -0.0683761 0.516746
1328 -0.0683761 0.514354
1329 -0.0712251 0.516746
1330 -0.0712251 0.516746
1331 -0.0712251 0.514354
1332 -0.0655271 0.511962
1333 -0.0683761 0.511962
1334 -0.0712251 0.511962
1335 -0.0740741 0.511962
1336 -0.0712251 0.507177
1337 -0.0712251 0.507177
1338 -0.0712251 0.504785
1339 -0.0683761 0.504785
1340 -0.0712251 0.502392
1341 -0.0712251 0.502392
1342 -0.0740741 0.502392
1343 -0.0712251 0.497608
1344 -0.0712251 0.497608
1345 -0.0740741 0.497608
1346 -0.0683761 0.495215
1347 -0.0740741 0.497608
1348 -0.0740741 0.495215
1349 -0.0740741 0.495215
1350 -0.0740741 0.492823
1351 -0.0740741 0.490431
1352 -0.0769231 0.488038
1353 -0.0740741 0.485646
1354 -0.0740741 0.485646
1355 -0.0740741 0.483254
1356 -0.0740741 0.483254
1357 -0.0769231 0.478469
1358 -0.0769231 0.478469
1359 -0.0769231 0.478469
1360 -0.0769231 0.478469
1361 -0.0740741 0.476077
1362 -0.0740741 0.473684
1363 -0.0740741 0.473684
1364 -0.0740741 0.473684
1365 -0.0740741 0.471292
1366 -0.0740741 0.471292
1367 -0.0797721 0.471292
1368 -0.0797721 0.471292
1369 -0.0740741 0.466507
1370 -0.0740741 0.466507
1371 -0.0740741 0.464115
1372 -0.0797721 0.466507
1373 -0.0797721 0.466507
1374 -0.0797721 0.466507
1375 -0.0797721 0.464115
1376 -0.0797721 0.464115
1377 -0.0797721 0.464115
1378 -0.0797721 0.466507
1379 -0.0797721 0.464115
1380 -0.0797721 0.461722
1381 -0.0769231 0.45933
1382 -0.0769231 0.45933
1383 -0.0769231 0.45933
1384 -0.0769231 0.45933
1385 -0.0769231 0.456938
1386 -0.0769231 0.456938
1387 -0.0740741 0.456938
1388 -0.0769231 0.454545
1389 -0.0769231 0.456938
1390 -0.0769231 0.45933
1391 -0.0740741 0.456938
1392 -0.0769231 0.454545
1393 -0.0740741 0.452153
1394 -0.0769231 0.452153
1395 -0.0769231 0.452153
1396 -0.0712251 0.449761
1397 -0.0769231 0.449761
1398 -0.0712251 0.449761
1399 -0.0712251 0.447368
1400 -0.0712251 0.444976
1401 -0.0712251 0.444976
1402 -0.0740741 0.447368
1403 -0.0740741 0.447368
1404 -0.0740741 0.444976
1405 -0.0740741 0.444976
1406 -0.0740741 0.444976
1407 -0.0683761 0.440191
1408 -0.0740741 0.440191
1409 -0.0740741 0.440191
1410 -0.0712251 0.440191
1411 -0.0683761 0.437799
1412 -0.0655271 0.433014
1413 -0.0655271 0.433014
1414 -0.0655271 0.433014
1415 -0.0626781 0.433014
1416 -0.0626781 0.433014
1417 -0.0598291 0.430622
1418 -0.0598291 0.430622
1419 -0.0598291 0.42823
1420 -0.0598291 0.42823
1421 -0.0598291 0.42823
1422 -0.0598291 0.425837
1423 -0.0569801 0.423445
1424 -0.0569801 0.423445
1425 -0.0569801 0.421053
1426 -0.0541311 0.41866
1427 -0.0569801 0.421053
1428 -0.0569801 0.41866
1429 -0.0569801 0.41866
1430 -0.0569801 0.41866
1431 -0.0541311 0.416268
1432 -0.0598291 0.41866
1433 -0.0541311 0.416268
1434 -0.0512821 0.413876
1435 -0.0512821 0.411483
1436 -0.0512821 0.411483
1437 -0.0512821 0.411483
1438 -0.0512821 0.411483
1439 -0.0512821 0.411483
1440 -0.0512821 0.409091
1441 -0.048433 0.409091
1442 -0.048433 0.409091
1443 -0.048433 0.409091
1444 -0.048433 0.409091
1445 -0.048433 0.406699
1446 -0.048433 0.406699
1447 -0.048433 0.406699
1448 -0.048433 0.406699
1449 -0.048433 0.406699
1450 -0.048433 0.406699
1451 -0.048433 0.406699
1452 -0.048433 0.406699
1453 -0.048433 0.406699
1454 -0.048433 0.406699
1455 -0.048433 0.406699
1456 -0.048433 0.409091
1457 -0.048433 0.409091
1458 -0.048433 0.409091
1459 -0.048433 0.409091
1460 -0.0512821 0.409091
1461 -0.0512821 0.409091
1462 -0.0512821 0.409091
1463 -0.0512821 0.409091
1464 -0.0541311 0.411483
1465 -0.0541311 0.411483
1466 -0.0541311 0.411483
1467 -0.0541311 0.411483
1468 -0.0541311 0.411483
1469 -0.0541311 0.411483
1470 -0.0569801 0.411483
1471 -0.0569801 0.413876
1472 -0.0569801 0.413876
1473 -0.0569801 0.413876
1474 -0.0569801 0.413876
1475 -0.0569801 0.413876
1476 -0.0569801 0.413876
1477 -0.0569801 0.411483
1478 -0.0569801 0.411483
1479 -0.0569801 0.411483
1480 -0.0598291 0.413876
1481 -0.0598291 0.413876
1482 -0.0598291 0.411483
1483 -0.0598291 0.411483
1484 -0.0598291 0.409091
1485 -0.0598291 0.409091
1486 -0.0598291 0.409091
1487 -0.0626781 0.411483
1488 -0.0626781 0.411483
1489 -0.0598291 0.409091
1490 -0.0626781 0.409091
1491 -0.0626781 0.409091
1492 -0.0626781 0.409091
1493 -0.0626781 0.409091
1494 -0.0626781 0.409091
1495 -0.0626781 0.409091
1496 -0.0626781 0.409091
1497 -0.0626781 0.409091
1498 -0.0626781 0.409091
1499 -0.0626781 0.409091
1500 -0.0626781 0.411483
1501 -0.0598291 0.409091
1502 -0.0626781 0.409091
1503 -0.0626781 0.411483
1504 -0.0626781 0.411483
1505 -0.0626781 0.411483
1506 -0.0626781 0.413876
1507 -0.0626781 0.413876
1508 -0.0626781 0.413876
1509 -0.0626781 0.413876
1510 -0.0626781 0.413876
1511 -0.0626781 0.413876
1512 -0.0626781 0.413876
1513 -0.0626781 0.416268
1514 -0.0626781 0.416268
1515 -0.0626781 0.416268
1516 -0.0598291 0.416268
1517 -0.0598291 0.41866
1518 -0.0598291 0.41866
1519 -0.0598291 0.41866
1520 -0.0598291 0.41866
1521 -0.0598291 0.421053
1522 -0.0598291 0.41866
1523 -0.0598291 0.41866
1524 -0.0598291 0.41866
1525 -0.0598291 0.41866
1526 -0.0598291 0.421053
1527 -0.0598291 0.421053
1528 -0.0569801 0.421053
1529 -0.0598291 0.423445
1530 -0.0598291 0.423445
1531 -0.0598291 0.423445
1532 -0.0598291 0.423445
1533 -0.0569801 0.423445
1534 -0.0569801 0.423445
1535 -0.0569801 0.423445
1536 -0.0569801 0.423445
1537 -0.0569801 0.423445
1538 -0.0569801 0.423445
1539 -0.0541311 0.421053
1540 -0.0541311 0.421053
1541 -0.0541311 0.41866
1542 -0.0541311 0.41866
1543 -0.0541311 0.41866
1544 -0.0541311 0.41866
1545 -0.0541311 0.41866
1546 -0.0541311 0.41866
1547 -0.0541311 0.416268
1548 -0.0541311 0.416268
1549 -0.0541311 0.416268
1550 -0.0541311 0.416268
1551 -0.0541311 0.416268
1552 -0.0541311 0.416268
1553 -0.0541311 0.416268
1554 -0.0541311 0.416268
1555 -0.0541311 0.416268
1556 -0.0541311 0.416268
1557 -0.0541311 0.416268
1558 -0.0541311 0.413876
1559 -0.0541311 0.413876
1560 -0.0541311 0.413876
1561 -0.0512821 0.411483
1562 -0.0512821 0.411483
1563 -0.0512821 0.411483
1564 -0.0512821 0.411483
1565 -0.0512821 0.411483
1566 -0.0512821 0.411483
1567 -0.0512821 0.411483
1568 -0.0541311 0.411483
1569 -0.0541311 0.411483
1570 -0.0541311 0.411483
1571 -0.0541311 0.411483
1572 -0.0541311 0.411483
1573 -0.0541311 0.411483
1574 -0.0569801 0.411483
1575 -0.0569801 0.411483
1576 -0.0569801 0.411483
1577 -0.0569801 0.411483
1578 -0.0569801 0.411483
1579 -0.0541311 0.409091
1580 -0.0541311 0.409091
1581 -0.0541311 0.409091
1582 -0.0541311 0.409091
1583 -0.0541311 0.409091
1584 -0.0541311 0.409091
1585 -0.0541311 0.409091
1586 -0.0541311 0.409091
1587 -0.0541311 0.409091
1588 -0.0541311 0.409091
1589 -0.0569801 0.411483
1590 -0.0541311 0.409091
1591 -0.0569801 0.409091
1592 -0.0569801 0.409091
1593 -0.0569801 0.409091
1594 -0.0569801 0.406699
1595 -0.0569801 0.406699
1596 -0.0569801 0.406699
1597 -0.0569801 0.406699
1598 -0.0569801 0.406699
1599 -0.0569801 0.406699
1600 -0.0569801 0.406699
1601 -0.0569801 0.406699
1602 -0.0569801 0.406699
1603 -0.0569801 0.406699
1604 -0.0569801 0.409091
1605 -0.0512821 0.406699
1606 -0.0512821 0.406699
1607 -0.0512821 0.406699
1608 -0.0512821 0.406699
1609 -0.0512821 0.406699
1610 -0.0512821 0.409091
1611 -0.0512821 0.409091
1612 -0.0512821 0.409091
1613 -0.0512821 0.409091
1614 -0.0512821 0.409091
1615 -0.0512821 0.409091
1616 -0.0512821 0.409091
1617 -0.0512821 0.409091
1618 -0.0512821 0.409091
1619 -0.0512821 0.409091
1620 -0.0512821 0.409091
1621 -0.0512821 0.411483
1622 -0.0512821 0.411483
1623 -0.048433 0.409091
1624 -0.048433 0.411483
1625 -0.048433 0.411483
1626 -0.048433 0.409091
1627 -0.048433 0.411483
1628 -0.048433 0.411483
1629 -0.048433 0.411483
1630 -0.048433 0.411483
1631 -0.048433 0.413876
1632 -0.048433 0.413876
1633 -0.048433 0.413876
1634 -0.048433 0.413876
1635 -0.048433 0.413876
1636 -0.048433 0.413876
1637 -0.048433 0.416268
