1 -0.477654 0.285303
2 -0.477654 0.285303
3 -0.477654 0.285303
4 -0.477654 0.285303
5 -0.477654 0.288184
6 -0.480447 0.288184
7 -0.480447 0.291066
8 -0.480447 0.291066
9 -0.480447 0.291066
10 -0.480447 0.291066
11 -0.480447 0.291066
12 -0.480447 0.291066
13 -0.480447 0.291066
14 -0.480447 0.291066
15 -0.480447 0.291066
16 -0.480447 0.291066
17 -0.480447 0.291066
18 -0.480447 0.291066
19 -0.480447 0.291066
20 -0.480447 0.291066
21 -0.480447 0.291066
22 -0.480447 0.291066
23 -0.480447 0.291066
24 -0.480447 0.291066
25 -0.480447 0.291066
26 -0.480447 0.291066
27 -0.480447 0.291066
28 -0.480447 0.291066
29 -0.480447 0.291066
30 -0.480447 0.291066
31 -0.480447 0.291066
32 -0.480447 0.291066
33 -0.480447 0.291066
34 -0.480447 0.291066
35 -0.480447 0.288184
36 -0.480447 0.288184
37 -0.480447 0.288184
38 -0.477654 0.291066
39 -0.477654 0.291066
40 -0.480447 0.291066
41 -0.477654 0.291066
42 -0.477654 0.291066
43 -0.477654 0.291066
44 -0.477654 0.291066
45 -0.477654 0.293948
46 -0.477654 0.293948
47 -0.477654 0.293948
48 -0.477654 0.293948
49 -0.477654 0.293948
50 -0.477654 0.293948
51 -0.477654 0.293948
52 -0.477654 0.293948
53 -0.477654 0.29683
54 -0.477654 0.299712
55 -0.477654 0.29683
56 -0.477654 0.29683
57 -0.477654 0.29683
58 -0.477654 0.29683
59 -0.47486 0.302594
60 -0.47486 0.299712
61 -0.477654 0.299712
62 -0.477654 0.299712
63 -0.477654 0.299712
64 -0.47486 0.302594
65 -0.47486 0.302594
66 -0.47486 0.305476
67 -0.47486 0.305476
68 -0.47486 0.305476
69 -0.47486 0.305476
70 -0.47486 0.305476
71 -0.47486 0.308357
72 -0.47486 0.305476
73 -0.47486 0.305476
74 -0.47486 0.308357
75 -0.47486 0.308357
76 -0.47486 0.308357
77 -0.47486 0.308357
78 -0.47486 0.308357
79 -0.47486 0.308357
80 -0.47486 0.308357
81 -0.47486 0.308357
82 -0.472067 0.311239
83 -0.472067 0.311239
84 -0.472067 0.311239
85 -0.472067 0.311239
86 -0.472067 0.311239
87 -0.472067 0.311239
88 -0.472067 0.311239
89 -0.472067 0.311239
90 -0.472067 0.311239
91 -0.472067 0.311239
92 -0.472067 0.311239
93 -0.472067 0.311239
94 -0.472067 0.311239
95 -0.472067 0.311239
96 -0.472067 0.311239
97 -0.472067 0.311239
98 -0.472067 0.311239
99 -0.469274 0.311239
100 -0.469274 0.311239
101 -0.469274 0.311239
102 -0.469274 0.314121
103 -0.469274 0.314121
104 -0.469274 0.311239
105 -0.469274 0.311239
106 -0.469274 0.311239
107 -0.469274 0.311239
108 -0.46648 0.311239
109 -0.469274 0.308357
110 -0.46648 0.308357
111 -0.46648 0.308357
112 -0.46648 0.308357
113 -0.46648 0.305476
114 -0.463687 0.305476
115 -0.46648 0.305476
116 -0.463687 0.305476
117 -0.463687 0.305476
118 -0.463687 0.302594
119 -0.463687 0.302594
120 -0.463687 0.302594
121 -0.458101 0.305476
122 -0.460894 0.305476
123 -0.458101 0.305476
124 -0.458101 0.302594
125 -0.458101 0.302594
126 -0.455307 0.302594
127 -0.455307 0.299712
128 -0.455307 0.29683
129 -0.455307 0.29683
130 -0.452514 0.29683
131 -0.455307 0.29683
132 -0.452514 0.29683
133 -0.452514 0.293948
134 -0.452514 0.293948
135 -0.452514 0.291066
136 -0.452514 0.291066
137 -0.452514 0.291066
138 -0.449721 0.291066
139 -0.449721 0.291066
140 -0.446927 0.291066
141 -0.446927 0.291066
142 -0.446927 0.288184
143 -0.446927 0.288184
144 -0.446927 0.285303
145 -0.444134 0.288184
146 -0.444134 0.288184
147 -0.441341 0.288184
148 -0.441341 0.285303
149 -0.441341 0.285303
150 -0.438547 0.285303
151 -0.441341 0.279539
152 -0.441341 0.279539
153 -0.438547 0.279539
154 -0.438547 0.279539
155 -0.438547 0.279539
156 -0.435754 0.279539
157 -0.435754 0.279539
158 -0.432961 0.279539
159 -0.432961 0.276657
160 -0.432961 0.276657
161 -0.432961 0.276657
162 -0.432961 0.276657
163 -0.432961 0.276657
164 -0.430168 0.276657
165 -0.430168 0.276657
166 -0.427374 0.273775
167 -0.427374 0.273775
168 -0.427374 0.273775
169 -0.427374 0.273775
170 -0.427374 0.273775
171 -0.424581 0.273775
172 -0.424581 0.273775
173 -0.421788 0.273775
174 -0.421788 0.273775
175 -0.418994 0.276657
176 -0.418994 0.276657
177 -0.418994 0.276657
178 -0.416201 0.273775
179 -0.416201 0.273775
180 -0.413408 0.276657
181 -0.413408 0.273775
182 -0.410615 0.273775
183 -0.410615 0.273775
184 -0.407821 0.273775
185 -0.407821 0.273775
186 -0.407821 0.273775
187 -0.407821 0.270893
188 -0.405028 0.270893
189 -0.405028 0.270893
190 -0.402235 0.270893
191 -0.402235 0.270893
192 -0.399441 0.270893
193 -0.399441 0.270893
194 -0.399441 0.270893
195 -0.396648 0.270893
196 -0.396648 0.270893
197 -0.393855 0.270893
198 -0.393855 0.270893
199 -0.393855 0.270893
200 -0.391061 0.270893
201 -0.391061 0.273775
202 -0.388268 0.273775
203 -0.388268 0.273775
204 -0.388268 0.270893
205 -0.388268 0.273775
206 -0.388268 0.270893
207 -0.385475 0.270893
208 -0.385475 0.270893
209 -0.385475 0.270893
210 -0.382682 0.270893
211 -0.382682 0.268012
212 -0.382682 0.268012
213 -0.382682 0.268012
214 -0.382682 0.268012
215 -0.382682 0.268012
216 -0.379888 0.268012
217 -0.379888 0.268012
218 -0.377095 0.268012
219 -0.377095 0.270893
220 -0.377095 0.270893
221 -0.374302 0.270893
222 -0.374302 0.268012
223 -0.374302 0.268012
224 -0.371508 0.270893
225 -0.368715 0.268012
226 -0.368715 0.268012
227 -0.368715 0.268012
228 -0.368715 0.268012
229 -0.365922 0.268012
230 -0.363128 0.268012
231 -0.365922 0.26513
232 -0.363128 0.262248
233 -0.360335 0.262248
234 -0.360335 0.262248
235 -0.360335 0.262248
236 -0.357542 0.262248
237 -0.357542 0.262248
238 -0.354749 0.262248
239 -0.354749 0.262248
240 -0.351955 0.262248
241 -0.349162 0.262248
242 -0.349162 0.262248
243 -0.349162 0.262248
244 -0.346369 0.262248
245 -0.343575 0.262248
246 -0.340782 0.262248
247 -0.340782 0.262248
248 -0.337989 0.262248
249 -0.335196 0.26513
250 -0.335196 0.262248
251 -0.332402 0.262248
252 -0.332402 0.26513
253 -0.329609 0.262248
254 -0.329609 0.262248
255 -0.326816 0.262248
256 -0.324022 0.262248
257 -0.324022 0.262248
258 -0.321229 0.262248
259 -0.321229 0.262248
260 -0.318436 0.262248
261 -0.318436 0.262248
262 -0.315642 0.262248
263 -0.315642 0.262248
264 -0.315642 0.262248
265 -0.312849 0.262248
266 -0.310056 0.262248
267 -0.310056 0.262248
268 -0.310056 0.262248
269 -0.307263 0.262248
270 -0.307263 0.262248
271 -0.304469 0.259366
272 -0.304469 0.259366
273 -0.301676 0.259366
274 -0.298883 0.262248
275 -0.298883 0.259366
276 -0.298883 0.259366
277 -0.296089 0.259366
278 -0.296089 0.259366
279 -0.293296 0.259366
280 -0.293296 0.259366
281 -0.290503 0.259366
282 -0.290503 0.259366
283 -0.28771 0.256484
284 -0.28771 0.256484
285 -0.284916 0.256484
286 -0.284916 0.256484
287 -0.282123 0.256484
288 -0.282123 0.253602
289 -0.27933 0.253602
290 -0.27933 0.253602
291 -0.276536 0.253602
292 -0.276536 0.253602
293 -0.273743 0.25072
294 -0.27095 0.247839
295 -0.27095 0.247839
296 -0.268156 0.247839
297 -0.268156 0.244957
298 -0.265363 0.244957
299 -0.26257 0.247839
300 -0.26257 0.244957
301 -0.259777 0.244957
302 -0.256983 0.244957
303 -0.256983 0.244957
304 -0.25419 0.244957
305 -0.251397 0.244957
306 -0.251397 0.244957
307 -0.248603 0.242075
308 -0.248603 0.242075
309 -0.248603 0.244957
310 -0.24581 0.244957
311 -0.243017 0.242075
312 -0.243017 0.242075
313 -0.240223 0.242075
314 -0.240223 0.242075
315 -0.23743 0.242075
316 -0.23743 0.242075
317 -0.234637 0.242075
318 -0.234637 0.242075
319 -0.231844 0.242075
320 -0.231844 0.242075
321 -0.231844 0.239193
322 -0.231844 0.239193
323 -0.231844 0.239193
324 -0.22905 0.239193
325 -0.22905 0.239193
326 -0.226257 0.239193
327 -0.226257 0.239193
328 -0.226257 0.239193
329 -0.226257 0.239193
330 -0.223464 0.239193
331 -0.223464 0.239193
332 -0.223464 0.239193
333 -0.22067 0.239193
334 -0.22067 0.239193
335 -0.22067 0.242075
336 -0.217877 0.239193
337 -0.217877 0.239193
338 -0.215084 0.239193
339 -0.215084 0.239193
340 -0.21229 0.239193
341 -0.209497 0.236311
342 -0.209497 0.242075
343 -0.206704 0.236311
344 -0.206704 0.239193
345 -0.203911 0.239193
346 -0.201117 0.236311
347 -0.201117 0.239193
348 -0.201117 0.239193
349 -0.198324 0.239193
350 -0.195531 0.239193
351 -0.198324 0.239193
352 -0.195531 0.239193
353 -0.195531 0.239193
354 -0.192737 0.239193
355 -0.189944 0.239193
356 -0.189944 0.239193
357 -0.189944 0.239193
358 -0.187151 0.239193
359 -0.184358 0.239193
360 -0.184358 0.239193
361 -0.184358 0.239193
362 -0.181564 0.239193
363 -0.178771 0.239193
364 -0.175978 0.239193
365 -0.175978 0.239193
366 -0.175978 0.242075
367 -0.173184 0.242075
368 -0.170391 0.242075
369 -0.170391 0.242075
370 -0.170391 0.244957
371 -0.167598 0.244957
372 -0.164804 0.247839
373 -0.164804 0.247839
374 -0.164804 0.247839
375 -0.162011 0.247839
376 -0.159218 0.25072
377 -0.159218 0.253602
378 -0.156425 0.256484
379 -0.156425 0.256484
380 -0.156425 0.256484
381 -0.153631 0.259366
382 -0.153631 0.262248
383 -0.150838 0.262248
384 -0.150838 0.26513
385 -0.148045 0.262248
386 -0.148045 0.26513
387 -0.145251 0.268012
388 -0.145251 0.270893
389 -0.145251 0.270893
390 -0.142458 0.270893
391 -0.142458 0.273775
392 -0.142458 0.273775
393 -0.142458 0.276657
394 -0.139665 0.276657
395 -0.139665 0.279539
396 -0.139665 0.279539
397 -0.136872 0.282421
398 -0.136872 0.282421
399 -0.136872 0.285303
400 -0.134078 0.285303
401 -0.134078 0.285303
402 -0.134078 0.288184
403 -0.134078 0.291066
404 -0.134078 0.291066
405 -0.134078 0.293948
406 -0.134078 0.29683
407 -0.131285 0.29683
408 -0.131285 0.29683
409 -0.131285 0.299712
410 -0.131285 0.302594
411 -0.131285 0.305476
412 -0.128492 0.305476
413 -0.128492 0.308357
414 -0.128492 0.308357
415 -0.128492 0.311239
416 -0.125698 0.311239
417 -0.128492 0.314121
418 -0.125698 0.314121
419 -0.125698 0.317003
420 -0.125698 0.317003
421 -0.122905 0.319885
422 -0.122905 0.319885
423 -0.122905 0.322767
424 -0.122905 0.32853
425 -0.122905 0.32853
426 -0.120112 0.32853
427 -0.120112 0.32853
428 -0.120112 0.334294
429 -0.120112 0.331412
430 -0.120112 0.334294
431 -0.117318 0.337176
432 -0.120112 0.337176
433 -0.117318 0.337176
434 -0.117318 0.340058
435 -0.117318 0.340058
436 -0.117318 0.342939
437 -0.114525 0.342939
438 -0.114525 0.342939
439 -0.114525 0.342939
440 -0.111732 0.345821
441 -0.111732 0.345821
442 -0.111732 0.345821
443 -0.111732 0.348703
444 -0.111732 0.351585
445 -0.111732 0.351585
446 -0.108939 0.351585
447 -0.108939 0.351585
448 -0.106145 0.351585
449 -0.106145 0.357349
450 -0.106145 0.357349
451 -0.103352 0.357349
452 -0.103352 0.357349
453 -0.106145 0.357349
454 -0.100559 0.360231
455 -0.100559 0.360231
456 -0.103352 0.360231
457 -0.100559 0.363112
458 -0.100559 0.365994
459 -0.103352 0.365994
460 -0.0977654 0.365994
461 -0.103352 0.368876
462 -0.100559 0.371758
463 -0.0977654 0.371758
464 -0.100559 0.371758
465 -0.100559 0.37464
466 -0.0949721 0.377522
467 -0.0977654 0.377522
468 -0.0977654 0.380403
469 -0.0949721 0.380403
470 -0.0977654 0.380403
471 -0.0921788 0.383285
472 -0.0949721 0.386167
473 -0.0949721 0.386167
474 -0.0949721 0.386167
475 -0.0949721 0.389049
476 -0.0921788 0.391931
477 -0.0949721 0.391931
478 -0.0921788 0.394813
479 -0.0921788 0.394813
480 -0.0921788 0.394813
481 -0.0921788 0.397695
482 -0.0921788 0.400576
483 -0.0893855 0.400576
484 -0.0893855 0.400576
485 -0.0921788 0.403458
486 -0.0893855 0.403458
487 -0.0893855 0.403458
488 -0.0893855 0.403458
489 -0.0893855 0.40634
490 -0.0865922 0.409222
491 -0.0865922 0.409222
492 -0.0865922 0.412104
493 -0.0865922 0.412104
494 -0.0865922 0.414986
495 -0.0893855 0.417867
496 -0.0865922 0.417867
497 -0.0865922 0.420749
498 -0.0865922 0.420749
499 -0.0865922 0.420749
500 -0.0865922 0.426513
501 -0.0865922 0.426513
502 -0.0837989 0.426513
503 -0.0865922 0.432277
504 -0.0837989 0.432277
505 -0.0837989 0.432277
506 -0.0837989 0.435158
507 -0.0810056 0.43804
508 -0.0810056 0.43804
509 -0.0837989 0.440922
510 -0.0865922 0.440922
511 -0.0810056 0.440922
512 -0.0810056 0.443804
513 -0.0810056 0.443804
514 -0.0837989 0.446686
515 -0.0837989 0.446686
516 -0.0810056 0.449568
517 -0.0810056 0.449568
518 -0.0810056 0.45245
519 -0.0810056 0.45245
520 -0.0837989 0.45245
521 -0.0810056 0.455331
522 -0.0810056 0.458213
523 -0.0810056 0.458213
524 -0.0810056 0.458213
525 -0.0810056 0.461095
526 -0.0810056 0.461095
527 -0.0837989 0.461095
528 -0.0810056 0.461095
529 -0.0837989 0.463977
530 -0.0810056 0.466859
531 -0.0837989 0.466859
532 -0.0810056 0.469741
533 -0.0837989 0.472622
534 -0.0837989 0.472622
535 -0.0837989 0.472622
536 -0.0837989 0.475504
537 -0.0837989 0.475504
538 -0.0810056 0.478386
539 -0.0837989 0.481268
540 -0.0810056 0.481268
541 -0.0837989 0.48415
542 -0.0810056 0.48415
543 -0.0810056 0.487032
544 -0.0810056 0.487032
545 -0.0810056 0.487032
546 -0.0782123 0.487032
547 -0.0810056 0.487032
548 -0.0810056 0.489914
549 -0.0810056 0.492795
550 -0.0810056 0.492795
551 -0.0810056 0.492795
552 -0.0837989 0.495677
553 -0.0837989 0.495677
554 -0.0810056 0.498559
555 -0.0837989 0.498559
556 -0.0810056 0.501441
557 -0.0810056 0.501441
558 -0.0810056 0.504323
559 -0.0810056 0.504323
560 -0.0810056 0.504323
561 -0.0810056 0.504323
562 -0.0810056 0.507205
563 -0.0810056 0.510086
564 -0.0782123 0.510086
565 -0.0810056 0.512968
566 -0.0810056 0.51585
567 -0.0782123 0.51585
568 -0.0782123 0.518732
569 -0.0782123 0.521614
570 -0.0782123 0.521614
571 -0.0810056 0.524496
572 -0.0810056 0.530259
573 -0.0810056 0.530259
574 -0.0810056 0.530259
575 -0.0837989 0.536023
576 -0.0810056 0.533141
577 -0.0810056 0.536023
578 -0.0837989 0.538905
579 -0.0837989 0.538905
580 -0.0837989 0.541787
581 -0.0837989 0.541787
582 -0.0837989 0.544669
583 -0.0810056 0.544669
584 -0.0837989 0.54755
585 -0.0837989 0.550432
586 -0.0837989 0.550432
587 -0.0865922 0.550432
588 -0.0837989 0.553314
589 -0.0837989 0.556196
590 -0.0837989 0.556196
591 -0.0810056 0.559078
592 -0.0837989 0.559078
593 -0.0865922 0.559078
594 -0.0837989 0.56196
595 -0.0810056 0.564842
596 -0.0810056 0.56196
597 -0.0782123 0.564842
598 -0.0782123 0.564842
599 -0.0782123 0.564842
600 -0.0782123 0.567723
601 -0.0810056 0.570605
602 -0.0810056 0.570605
603 -0.0782123 0.573487
604 -0.0782123 0.576369
605 -0.0782123 0.576369
606 -0.0782123 0.576369
607 -0.0782123 0.579251
608 -0.075419 0.582133
609 -0.0726257 0.579251
610 -0.075419 0.582133
611 -0.075419 0.585014
612 -0.075419 0.587896
613 -0.075419 0.587896
614 -0.075419 0.590778
615 -0.075419 0.59366
616 -0.0726257 0.59366
617 -0.075419 0.596542
618 -0.0726257 0.596542
619 -0.075419 0.596542
620 -0.0726257 0.602305
621 -0.0726257 0.602305
622 -0.0726257 0.605187
623 -0.075419 0.608069
624 -0.0726257 0.608069
625 -0.0726257 0.608069
626 -0.075419 0.610951
627 -0.0726257 0.613833
628 -0.0726257 0.613833
629 -0.0698324 0.613833
630 -0.0726257 0.619597
631 -0.0698324 0.622478
632 -0.0698324 0.622478
633 -0.0698324 0.62536
634 -0.0698324 0.62536
635 -0.0698324 0.628242
636 -0.0698324 0.631124
637 -0.0670391 0.631124
638 -0.0670391 0.634006
639 -0.0670391 0.636888
640 -0.0670391 0.636888
641 -0.0698324 0.639769
642 -0.0670391 0.642651
643 -0.0642458 0.642651
644 -0.0642458 0.642651
645 -0.0642458 0.648415
646 -0.0642458 0.648415
647 -0.0670391 0.651297
648 -0.0642458 0.654179
649 -0.0670391 0.657061
650 -0.0670391 0.659942
651 -0.0670391 0.662824
652 -0.0670391 0.665706
653 -0.0642458 0.665706
654 -0.0642458 0.668588
655 -0.0698324 0.67147
656 -0.0670391 0.67147
657 -0.0698324 0.674352
658 -0.0670391 0.674352
659 -0.0698324 0.680115
660 -0.0670391 0.682997
661 -0.0698324 0.688761
662 -0.0698324 0.688761
663 -0.0698324 0.688761
664 -0.0670391 0.691643
665 -0.0698324 0.694524
666 -0.0670391 0.694524
667 -0.0726257 0.697406
668 -0.0726257 0.697406
669 -0.0698324 0.700288
670 -0.0726257 0.70317
671 -0.0726257 0.70317
672 -0.0726257 0.70317
673 -0.075419 0.706052
674 -0.0726257 0.708934
675 -0.0726257 0.708934
676 -0.075419 0.708934
677 -0.075419 0.708934
678 -0.075419 0.708934
679 -0.075419 0.711816
680 -0.0726257 0.711816
681 -0.0726257 0.711816
682 -0.0726257 0.711816
683 -0.075419 0.714697
684 -0.075419 0.714697
685 -0.075419 0.714697
686 -0.075419 0.714697
687 -0.075419 0.717579
688 -0.0782123 0.717579
689 -0.0782123 0.717579
690 -0.0782123 0.720461
691 -0.075419 0.720461
692 -0.075419 0.723343
693 -0.0782123 0.723343
694 -0.0782123 0.726225
695 -0.0782123 0.726225
696 -0.0782123 0.729107
697 -0.0810056 0.731988
698 -0.0810056 0.729107
699 -0.0782123 0.731988
700 -0.0810056 0.73487
701 -0.0810056 0.73487
702 -0.0810056 0.73487
703 -0.0810056 0.73487
704 -0.0810056 0.737752
705 -0.0810056 0.737752
706 -0.0810056 0.740634
707 -0.0810056 0.743516
708 -0.0810056 0.743516
709 -0.0810056 0.743516
710 -0.0810056 0.746398
711 -0.0810056 0.746398
712 -0.0810056 0.746398
713 -0.0810056 0.74928
714 -0.0810056 0.74928
715 -0.0837989 0.752161
716 -0.0810056 0.752161
717 -0.0810056 0.755043
718 -0.0810056 0.755043
719 -0.0810056 0.755043
720 -0.0810056 0.755043
721 -0.0810056 0.757925
722 -0.0782123 0.757925
723 -0.0782123 0.757925
724 -0.0782123 0.757925
725 -0.0782123 0.757925
726 -0.075419 0.760807
727 -0.0782123 0.760807
728 -0.075419 0.763689
729 -0.0782123 0.763689
730 -0.0782123 0.763689
731 -0.075419 0.766571
732 -0.075419 0.766571
733 -0.075419 0.769452
734 -0.0726257 0.769452
735 -0.0726257 0.772334
736 -0.0726257 0.775216
737 -0.0726257 0.775216
738 -0.075419 0.778098
739 -0.0726257 0.778098
740 -0.0726257 0.778098
741 -0.0726257 0.78098
742 -0.0726257 0.78098
743 -0.0698324 0.783862
744 -0.0698324 0.786744
745 -0.0698324 0.786744
746 -0.0698324 0.786744
747 -0.0670391 0.789625
748 -0.0698324 0.792507
749 -0.0698324 0.789625
750 -0.0698324 0.792507
751 -0.0698324 0.795389
752 -0.0698324 0.795389
753 -0.0698324 0.798271
754 -0.0698324 0.798271
755 -0.0698324 0.798271
756 -0.0698324 0.801153
757 -0.0698324 0.801153
758 -0.0698324 0.801153
759 -0.0698324 0.804035
760 -0.0726257 0.806916
761 -0.0698324 0.804035
762 -0.0698324 0.806916
763 -0.0698324 0.806916
764 -0.0698324 0.809798
765 -0.0726257 0.81268
766 -0.0726257 0.81268
767 -0.0726257 0.815562
768 -0.0698324 0.815562
769 -0.0698324 0.818444
770 -0.0698324 0.818444
771 -0.0726257 0.824207
772 -0.0726257 0.824207
773 -0.0726257 0.827089
774 -0.0726257 0.829971
775 -0.0726257 0.829971
776 -0.0726257 0.832853
777 -0.0726257 0.835735
778 -0.0726257 0.835735
779 -0.0726257 0.838617
780 -0.0726257 0.841499
781 -0.0726257 0.841499
782 -0.0726257 0.84438
783 -0.0726257 0.84438
784 -0.0726257 0.847262
785 -0.0726257 0.847262
786 -0.0726257 0.850144
787 -0.0726257 0.850144
788 -0.075419 0.853026
789 -0.075419 0.853026
790 -0.075419 0.85879
791 -0.0726257 0.855908
792 -0.075419 0.85879
793 -0.075419 0.85879
794 -0.075419 0.85879
795 -0.075419 0.85879
796 -0.075419 0.861671
797 -0.075419 0.861671
798 -0.075419 0.861671
799 -0.075419 0.861671
800 -0.075419 0.864553
801 -0.075419 0.864553
802 -0.075419 0.867435
803 -0.075419 0.867435
804 -0.075419 0.867435
805 -0.075419 0.870317
806 -0.075419 0.870317
807 -0.075419 0.873199
808 -0.075419 0.873199
809 -0.0726257 0.876081
810 -0.0726257 0.876081
811 -0.0726257 0.876081
812 -0.0726257 0.878963
813 -0.0726257 0.878963
814 -0.0698324 0.881844
815 -0.0726257 0.881844
816 -0.0726257 0.881844
817 -0.0698324 0.884726
818 -0.0726257 0.884726
819 -0.0698324 0.887608
820 -0.0698324 0.887608
821 -0.0698324 0.89049
822 -0.0698324 0.89049
823 -0.0698324 0.893372
824 -0.0726257 0.893372
825 -0.0726257 0.893372
826 -0.0726257 0.896254
827 -0.0698324 0.899135
828 -0.0698324 0.899135
829 -0.0698324 0.899135
830 -0.0698324 0.899135
831 -0.0698324 0.902017
832 -0.0698324 0.902017
833 -0.0698324 0.904899
834 -0.0698324 0.904899
835 -0.0698324 0.904899
836 -0.0698324 0.910663
837 -0.0726257 0.910663
838 -0.0698324 0.910663
839 -0.0698324 0.910663
840 -0.0698324 0.913545
841 -0.0698324 0.916427
842 -0.0698324 0.916427
843 -0.0698324 0.916427
844 -0.0698324 0.916427
845 -0.0698324 0.919308
846 -0.0698324 0.919308
847 -0.0670391 0.919308
848 -0.0698324 0.92219
849 -0.0698324 0.92219
850 -0.0670391 0.925072
851 -0.0670391 0.925072
852 -0.0670391 0.927954
853 -0.0670391 0.925072
854 -0.0670391 0.927954
855 -0.0670391 0.930836
856 -0.0670391 0.930836
857 -0.0670391 0.930836
858 -0.0670391 0.933718
859 -0.0670391 0.933718
860 -0.0670391 0.936599
861 -0.0670391 0.936599
862 -0.0670391 0.936599
863 -0.0670391 0.936599
864 -0.0670391 0.939481
865 -0.0670391 0.939481
866 -0.0670391 0.939481
867 -0.0670391 0.942363
868 -0.0670391 0.942363
869 -0.0670391 0.942363
870 -0.0642458 0.945245
871 -0.0670391 0.945245
872 -0.0670391 0.945245
873 -0.0670391 0.948127
874 -0.0642458 0.948127
875 -0.0642458 0.948127
876 -0.0642458 0.951009
877 -0.0642458 0.951009
878 -0.0642458 0.953891
879 -0.0642458 0.951009
880 -0.0642458 0.953891
881 -0.0642458 0.953891
882 -0.0614525 0.956772
883 -0.0614525 0.956772
884 -0.0614525 0.956772
885 -0.0614525 0.956772
886 -0.0614525 0.959654
887 -0.0614525 0.959654
888 -0.0586592 0.962536
889 -0.0614525 0.962536
890 -0.0586592 0.962536
891 -0.0586592 0.965418
892 -0.0586592 0.965418
893 -0.0586592 0.965418
894 -0.0586592 0.965418
895 -0.0586592 0.965418
896 -0.0586592 0.9683
897 -0.0586592 0.971182
898 -0.0586592 0.971182
899 -0.0558659 0.971182
900 -0.0558659 0.971182
901 -0.0586592 0.974063
902 -0.0586592 0.974063
903 -0.0586592 0.974063
904 -0.0586592 0.976945
905 -0.0586592 0.976945
906 -0.0558659 0.976945
907 -0.0586592 0.976945
908 -0.0586592 0.979827
909 -0.0586592 0.979827
910 -0.0558659 0.982709
911 -0.0558659 0.982709
912 -0.0586592 0.985591
913 -0.0586592 0.985591
914 -0.0586592 0.988473
915 -0.0558659 0.988473
916 -0.0558659 0.988473
917 -0.0558659 0.988473
918 -0.0558659 0.991354
919 -0.0558659 0.991354
920 -0.0558659 0.991354
921 -0.0558659 0.991354
922 -0.0558659 0.991354
923 -0.0558659 0.991354
924 -0.0558659 0.991354
925 -0.0558659 0.991354
926 -0.0558659 0.991354
927 -0.0530726 0.991354
928 -0.0530726 0.991354
929 -0.0530726 0.994236
930 -0.0530726 0.991354
931 -0.0530726 0.994236
932 -0.0530726 0.991354
933 -0.0530726 0.994236
934 -0.0502793 0.994236
935 -0.0502793 0.991354
936 -0.0502793 0.991354
937 -0.0502793 0.991354
938 -0.0502793 0.991354
939 -0.047486 0.991354
940 -0.047486 0.991354
941 -0.047486 0.991354
942 -0.047486 0.991354
943 -0.0446927 0.991354
944 -0.0446927 0.991354
945 -0.0446927 0.991354
946 -0.0446927 0.991354
947 -0.0446927 0.991354
948 -0.0446927 0.991354
949 -0.0446927 0.991354
950 -0.0446927 0.991354
951 -0.0446927 0.991354
952 -0.0418994 0.991354
953 -0.0418994 0.991354
954 -0.0418994 0.991354
955 -0.0418994 0.991354
956 -0.0446927 0.988473
957 -0.0446927 0.988473
958 -0.0446927 0.988473
959 -0.0446927 0.988473
960 -0.0418994 0.988473
961 -0.0446927 0.988473
962 -0.0446927 0.988473
963 -0.0446927 0.988473
964 -0.0446927 0.988473
965 -0.0446927 0.988473
966 -0.0446927 0.988473
967 -0.0446927 0.991354
968 -0.0446927 0.991354
969 -0.0446927 0.991354
970 -0.0446927 0.991354
971 -0.0446927 0.991354
972 -0.0446927 0.991354
973 -0.0446927 0.991354
974 -0.0446927 0.991354
975 -0.0446927 0.991354
976 -0.0446927 0.991354
977 -0.0446927 0.991354
978 -0.0446927 0.988473
979 -0.0446927 0.988473
980 -0.0446927 0.988473
981 -0.0446927 0.988473
982 -0.0446927 0.988473
983 -0.0446927 0.988473
984 -0.0446927 0.988473
985 -0.0446927 0.988473
986 -0.0446927 0.988473
987 -0.0446927 0.988473
988 -0.0446927 0.988473
989 -0.047486 0.988473
990 -0.047486 0.988473
991 -0.047486 0.988473
992 -0.0502793 0.988473
993 -0.0502793 0.988473
994 -0.0502793 0.988473
995 -0.047486 0.988473
996 -0.0502793 0.988473
997 -0.0502793 0.988473
998 -0.0502793 0.988473
999 -0.0502793 0.988473
1000 -0.0502793 0.991354
1001 -0.0502793 0.991354
1002 -0.0502793 0.991354
1003 -0.0502793 0.988473
1004 -0.0502793 0.988473
1005 -0.0502793 0.988473
1006 -0.0502793 0.988473
1007 -0.0502793 0.988473
1008 -0.0502793 0.988473
1009 -0.0502793 0.988473
1010 -0.0502793 0.988473
1011 -0.0502793 0.988473
1012 -0.0502793 0.988473
1013 -0.0502793 0.991354
1014 -0.0502793 0.991354
1015 -0.0502793 0.991354
1016 -0.0502793 0.991354
1017 -0.0502793 0.991354
1018 -0.0502793 0.991354
1019 -0.0502793 0.991354
1020 -0.0502793 0.991354
1021 -0.047486 0.994236
1022 -0.047486 0.994236
1023 -0.047486 0.994236
1024 -0.047486 0.994236
1025 -0.047486 0.997118
1026 -0.047486 0.997118
1027 -0.047486 0.997118
1028 -0.047486 0.997118
1029 -0.047486 0.997118
1030 -0.047486 0.997118
1031 -0.047486 0.994236
1032 -0.047486 0.994236
1033 -0.047486 0.994236
1034 -0.047486 0.994236
1035 -0.047486 0.994236
1036 -0.0502793 0.994236
1037 -0.0502793 0.994236
1038 -0.0502793 0.994236
1039 -0.0502793 0.994236
1040 -0.0502793 0.994236
1041 -0.0502793 0.994236
1042 -0.0502793 0.994236
1043 -0.0502793 0.994236
1044 -0.0502793 0.994236
1045 -0.0502793 0.994236
1046 -0.0502793 0.994236
1047 -0.0502793 0.997118
1048 -0.0502793 0.997118
1049 -0.0502793 0.997118
1050 -0.0502793 0.997118
1051 -0.0502793 0.994236
1052 -0.0502793 0.994236
1053 -0.0502793 0.994236
1054 -0.0502793 0.994236
1055 -0.0502793 0.994236
1056 -0.0502793 0.994236
1057 -0.0502793 0.994236
1058 -0.0502793 0.994236
1059 -0.0502793 0.994236
1060 -0.0502793 0.997118
1061 -0.0502793 0.994236
1062 -0.0502793 0.994236
1063 -0.0502793 0.994236
1064 -0.047486 0.994236
1065 -0.047486 0.994236
1066 -0.047486 0.994236
1067 -0.047486 0.994236
1068 -0.047486 0.994236
1069 -0.047486 0.994236
1070 -0.047486 0.994236
1071 -0.047486 0.994236
1072 -0.0446927 0.994236
1073 -0.0446927 0.994236
1074 -0.0446927 0.994236
1075 -0.0446927 0.994236
1076 -0.0446927 0.994236
1077 -0.0446927 0.994236
1078 -0.0446927 0.994236
1079 -0.0446927 0.994236
1080 -0.0446927 0.994236
1081 -0.0446927 0.991354
1082 -0.0446927 0.991354
1083 -0.0418994 0.991354
1084 -0.0418994 0.991354
1085 -0.0418994 0.994236
1086 -0.0391061 0.994236
1087 -0.0391061 0.994236
1088 -0.0418994 0.994236
1089 -0.0418994 0.994236
1090 -0.0418994 0.994236
1091 -0.0418994 0.994236
1092 -0.0418994 0.994236
1093 -0.0391061 0.994236
1094 -0.0391061 0.994236
1095 -0.0418994 0.991354
1096 -0.0418994 0.991354
1097 -0.0418994 0.991354
1098 -0.0418994 0.991354
1099 -0.0418994 0.991354
1100 -0.0418994 0.991354
1101 -0.0418994 0.991354
1102 -0.0418994 0.991354
1103 -0.0418994 0.991354
1104 -0.0391061 0.994236
1105 -0.0391061 0.994236
1106 -0.0391061 0.994236
1107 -0.0391061 0.991354
1108 -0.0391061 0.991354
1109 -0.0391061 0.991354
1110 -0.0391061 0.991354
1111 -0.0391061 0.991354
1112 -0.0391061 0.991354
1113 -0.0391061 0.991354
1114 -0.0391061 0.991354
1115 -0.0391061 0.991354
