1 -0.444767 0.359249
2 -0.447674 0.359249
3 -0.447674 0.356568
4 -0.447674 0.353887
5 -0.450581 0.353887
6 -0.453488 0.351206
7 -0.453488 0.351206
8 -0.453488 0.351206
9 -0.453488 0.351206
10 -0.453488 0.351206
11 -0.453488 0.351206
12 -0.450581 0.356568
13 -0.450581 0.356568
14 -0.450581 0.356568
15 -0.450581 0.356568
16 -0.447674 0.359249
17 -0.447674 0.359249
18 -0.447674 0.359249
19 -0.447674 0.36193
20 -0.447674 0.36193
21 -0.447674 0.36193
22 -0.450581 0.36193
23 -0.450581 0.36193
24 -0.450581 0.36193
25 -0.453488 0.36193
26 -0.453488 0.36193
27 -0.456395 0.364611
28 -0.456395 0.36193
29 -0.456395 0.36193
30 -0.459302 0.359249
31 -0.459302 0.356568
32 -0.459302 0.356568
33 -0.462209 0.356568
34 -0.462209 0.356568
35 -0.462209 0.356568
36 -0.462209 0.356568
37 -0.462209 0.356568
38 -0.462209 0.356568
39 -0.465116 0.356568
40 -0.465116 0.356568
41 -0.465116 0.356568
42 -0.465116 0.356568
43 -0.465116 0.359249
44 -0.465116 0.359249
45 -0.465116 0.359249
46 -0.465116 0.359249
47 -0.465116 0.36193
48 -0.465116 0.36193
49 -0.468023 0.36193
50 -0.465116 0.364611
51 -0.465116 0.364611
52 -0.468023 0.364611
53 -0.465116 0.367292
54 -0.468023 0.367292
55 -0.465116 0.369973
56 -0.465116 0.369973
57 -0.468023 0.369973
58 -0.468023 0.369973
59 -0.465116 0.372654
60 -0.468023 0.372654
61 -0.468023 0.372654
62 -0.468023 0.372654
63 -0.468023 0.372654
64 -0.468023 0.372654
65 -0.468023 0.372654
66 -0.468023 0.372654
67 -0.468023 0.372654
68 -0.468023 0.372654
69 -0.468023 0.372654
70 -0.465116 0.372654
71 -0.465116 0.372654
72 -0.465116 0.372654
73 -0.465116 0.372654
74 -0.465116 0.372654
75 -0.465116 0.372654
76 -0.465116 0.372654
77 -0.465116 0.372654
78 -0.465116 0.372654
79 -0.465116 0.372654
80 -0.465116 0.372654
81 -0.465116 0.375335
82 -0.465116 0.372654
83 -0.465116 0.375335
84 -0.465116 0.375335
85 -0.465116 0.375335
86 -0.465116 0.375335
87 -0.465116 0.375335
88 -0.465116 0.375335
89 -0.465116 0.378016
90 -0.465116 0.378016
91 -0.465116 0.378016
92 -0.465116 0.378016
93 -0.465116 0.378016
94 -0.465116 0.378016
95 -0.465116 0.378016
96 -0.465116 0.378016
97 -0.465116 0.378016
98 -0.465116 0.378016
99 -0.465116 0.378016
100 -0.465116 0.378016
101 -0.465116 0.378016
102 -0.465116 0.375335
103 -0.465116 0.375335
104 -0.465116 0.375335
105 -0.465116 0.375335
106 -0.465116 0.375335
107 -0.465116 0.375335
108 -0.465116 0.375335
109 -0.465116 0.372654
110 -0.465116 0.372654
111 -0.465116 0.372654
112 -0.465116 0.372654
113 -0.465116 0.372654
114 -0.465116 0.375335
115 -0.462209 0.375335
116 -0.462209 0.375335
117 -0.462209 0.375335
118 -0.462209 0.375335
119 -0.462209 0.378016
120 -0.459302 0.378016
121 -0.462209 0.375335
122 -0.462209 0.375335
123 -0.459302 0.378016
124 -0.459302 0.378016
125 -0.459302 0.378016
126 -0.459302 0.378016
127 -0.459302 0.378016
128 -0.456395 0.378016
129 -0.456395 0.378016
130 -0.456395 0.378016
131 -0.456395 0.378016
132 -0.453488 0.375335
133 -0.453488 0.378016
134 -0.453488 0.375335
135 -0.453488 0.375335
136 -0.453488 0.375335
137 -0.453488 0.375335
138 -0.453488 0.375335
139 -0.453488 0.375335
140 -0.456395 0.375335
141 -0.456395 0.375335
142 -0.456395 0.378016
143 -0.456395 0.375335
144 -0.453488 0.375335
145 -0.453488 0.375335
146 -0.453488 0.378016
147 -0.453488 0.378016
148 -0.453488 0.378016
149 -0.453488 0.380697
150 -0.456395 0.378016
151 -0.453488 0.380697
152 -0.453488 0.380697
153 -0.453488 0.380697
154 -0.453488 0.380697
155 -0.453488 0.383378
156 -0.453488 0.383378
157 -0.453488 0.383378
158 -0.453488 0.383378
159 -0.453488 0.383378
160 -0.453488 0.386059
161 -0.453488 0.386059
162 -0.453488 0.386059
163 -0.453488 0.386059
164 -0.453488 0.386059
165 -0.453488 0.386059
166 -0.453488 0.38874
167 -0.453488 0.38874
168 -0.453488 0.38874
169 -0.453488 0.38874
170 -0.453488 0.38874
171 -0.453488 0.38874
172 -0.453488 0.38874
173 -0.453488 0.38874
174 -0.453488 0.386059
175 -0.453488 0.386059
176 -0.453488 0.386059
177 -0.453488 0.386059
178 -0.453488 0.386059
179 -0.453488 0.383378
180 -0.450581 0.383378
181 -0.447674 0.383378
182 -0.447674 0.380697
183 -0.447674 0.380697
184 -0.447674 0.380697
185 -0.447674 0.380697
186 -0.444767 0.378016
187 -0.44186 0.378016
188 -0.44186 0.378016
189 -0.438953 0.375335
190 -0.438953 0.375335
191 -0.438953 0.372654
192 -0.436047 0.372654
193 -0.436047 0.372654
194 -0.436047 0.369973
195 -0.43314 0.369973
196 -0.430233 0.367292
197 -0.430233 0.367292
198 -0.430233 0.367292
199 -0.427326 0.364611
200 -0.427326 0.364611
201 -0.424419 0.36193
202 -0.424419 0.36193
203 -0.421512 0.36193
204 -0.418605 0.359249
205 -0.418605 0.36193
206 -0.415698 0.359249
207 -0.415698 0.359249
208 -0.412791 0.359249
209 -0.409884 0.359249
210 -0.409884 0.356568
211 -0.406977 0.359249
212 -0.406977 0.356568
213 -0.409884 0.356568
214 -0.406977 0.356568
215 -0.40407 0.356568
216 -0.40407 0.353887
217 -0.40407 0.356568
218 -0.401163 0.353887
219 -0.401163 0.353887
220 -0.401163 0.353887
221 -0.401163 0.353887
222 -0.398256 0.353887
223 -0.398256 0.353887
224 -0.398256 0.351206
225 -0.395349 0.353887
226 -0.392442 0.353887
227 -0.395349 0.353887
228 -0.395349 0.351206
229 -0.395349 0.351206
230 -0.392442 0.351206
231 -0.392442 0.351206
232 -0.392442 0.351206
233 -0.392442 0.351206
234 -0.389535 0.351206
235 -0.389535 0.351206
236 -0.389535 0.351206
237 -0.389535 0.351206
238 -0.389535 0.348525
239 -0.389535 0.348525
240 -0.386628 0.348525
241 -0.383721 0.348525
242 -0.383721 0.345845
243 -0.383721 0.345845
244 -0.383721 0.345845
245 -0.383721 0.345845
246 -0.380814 0.345845
247 -0.380814 0.343164
248 -0.380814 0.343164
249 -0.380814 0.343164
250 -0.380814 0.343164
251 -0.377907 0.343164
252 -0.377907 0.343164
253 -0.375 0.343164
254 -0.375 0.340483
255 -0.375 0.340483
256 -0.375 0.340483
257 -0.372093 0.340483
258 -0.372093 0.337802
259 -0.369186 0.337802
260 -0.369186 0.337802
261 -0.369186 0.335121
262 -0.366279 0.335121
263 -0.366279 0.335121
264 -0.366279 0.335121
265 -0.363372 0.335121
266 -0.363372 0.33244
267 -0.363372 0.33244
268 -0.360465 0.335121
269 -0.357558 0.33244
270 -0.357558 0.33244
271 -0.354651 0.329759
272 -0.354651 0.329759
273 -0.351744 0.329759
274 -0.351744 0.329759
275 -0.348837 0.327078
276 -0.34593 0.327078
277 -0.34593 0.327078
278 -0.343023 0.324397
279 -0.343023 0.324397
280 -0.340116 0.324397
281 -0.337209 0.324397
282 -0.334302 0.324397
283 -0.334302 0.324397
284 -0.331395 0.324397
285 -0.331395 0.324397
286 -0.331395 0.321716
287 -0.328488 0.319035
288 -0.328488 0.319035
289 -0.325581 0.319035
290 -0.325581 0.319035
291 -0.322674 0.319035
292 -0.319767 0.316354
293 -0.319767 0.313673
294 -0.31686 0.316354
295 -0.31686 0.313673
296 -0.313953 0.313673
297 -0.313953 0.313673
298 -0.311047 0.313673
299 -0.311047 0.313673
300 -0.30814 0.313673
301 -0.305233 0.313673
302 -0.305233 0.310992
303 -0.302326 0.310992
304 -0.299419 0.313673
305 -0.299419 0.310992
306 -0.296512 0.308311
307 -0.293605 0.310992
308 -0.290698 0.310992
309 -0.287791 0.310992
310 -0.287791 0.308311
311 -0.284884 0.308311
312 -0.284884 0.30563
313 -0.281977 0.30563
314 -0.276163 0.30563
315 -0.276163 0.30563
316 -0.276163 0.30563
317 -0.273256 0.302949
318 -0.270349 0.302949
319 -0.270349 0.302949
320 -0.267442 0.302949
321 -0.264535 0.302949
322 -0.264535 0.302949
323 -0.261628 0.300268
324 -0.261628 0.300268
325 -0.258721 0.300268
326 -0.255814 0.300268
327 -0.255814 0.300268
328 -0.252907 0.297587
329 -0.252907 0.297587
330 -0.25 0.297587
331 -0.247093 0.294906
332 -0.247093 0.294906
333 -0.244186 0.294906
334 -0.244186 0.294906
335 -0.244186 0.294906
336 -0.241279 0.294906
337 -0.241279 0.292225
338 -0.241279 0.292225
339 -0.238372 0.289544
340 -0.238372 0.289544
341 -0.235465 0.289544
342 -0.235465 0.289544
343 -0.232558 0.294906
344 -0.232558 0.294906
345 -0.229651 0.292225
346 -0.229651 0.292225
347 -0.229651 0.294906
348 -0.229651 0.289544
349 -0.226744 0.289544
350 -0.226744 0.289544
351 -0.223837 0.292225
352 -0.223837 0.289544
353 -0.223837 0.289544
354 -0.22093 0.289544
355 -0.218023 0.292225
356 -0.218023 0.289544
357 -0.215116 0.292225
358 -0.212209 0.292225
359 -0.212209 0.292225
360 -0.209302 0.289544
361 -0.206395 0.292225
362 -0.206395 0.292225
363 -0.203488 0.294906
364 -0.200581 0.294906
365 -0.200581 0.294906
366 -0.197674 0.297587
367 -0.197674 0.294906
368 -0.194767 0.300268
369 -0.19186 0.297587
370 -0.19186 0.300268
371 -0.19186 0.300268
372 -0.188953 0.300268
373 -0.188953 0.300268
374 -0.186047 0.297587
375 -0.186047 0.297587
376 -0.18314 0.297587
377 -0.18314 0.300268
378 -0.18314 0.297587
379 -0.180233 0.300268
380 -0.180233 0.297587
381 -0.177326 0.300268
382 -0.177326 0.300268
383 -0.177326 0.300268
384 -0.174419 0.300268
385 -0.174419 0.300268
386 -0.174419 0.300268
387 -0.174419 0.300268
388 -0.171512 0.300268
389 -0.168605 0.297587
390 -0.168605 0.302949
391 -0.168605 0.302949
392 -0.168605 0.30563
393 -0.165698 0.30563
394 -0.165698 0.302949
395 -0.165698 0.30563
396 -0.162791 0.30563
397 -0.162791 0.30563
398 -0.159884 0.30563
399 -0.159884 0.30563
400 -0.156977 0.30563
401 -0.156977 0.308311
402 -0.156977 0.308311
403 -0.15407 0.310992
404 -0.15407 0.308311
405 -0.151163 0.310992
406 -0.151163 0.308311
407 -0.148256 0.310992
408 -0.148256 0.310992
409 -0.145349 0.310992
410 -0.142442 0.310992
411 -0.142442 0.313673
412 -0.142442 0.313673
413 -0.139535 0.316354
414 -0.142442 0.316354
415 -0.136628 0.316354
416 -0.136628 0.319035
417 -0.133721 0.319035
418 -0.136628 0.321716
419 -0.133721 0.321716
420 -0.133721 0.324397
421 -0.130814 0.324397
422 -0.127907 0.324397
423 -0.127907 0.327078
424 -0.125 0.327078
425 -0.125 0.33244
426 -0.125 0.33244
427 -0.122093 0.33244
428 -0.122093 0.33244
429 -0.122093 0.335121
430 -0.119186 0.335121
431 -0.116279 0.335121
432 -0.116279 0.337802
433 -0.116279 0.337802
434 -0.119186 0.340483
435 -0.113372 0.340483
436 -0.113372 0.343164
437 -0.113372 0.343164
438 -0.110465 0.345845
439 -0.110465 0.348525
440 -0.110465 0.351206
441 -0.113372 0.351206
442 -0.113372 0.353887
443 -0.107558 0.353887
444 -0.113372 0.356568
445 -0.107558 0.356568
446 -0.110465 0.36193
447 -0.110465 0.364611
448 -0.113372 0.367292
449 -0.113372 0.367292
450 -0.104651 0.367292
451 -0.110465 0.367292
452 -0.110465 0.369973
453 -0.110465 0.369973
454 -0.110465 0.372654
455 -0.107558 0.372654
456 -0.107558 0.372654
457 -0.107558 0.375335
458 -0.107558 0.375335
459 -0.107558 0.375335
460 -0.110465 0.380697
461 -0.113372 0.380697
462 -0.107558 0.380697
463 -0.107558 0.380697
464 -0.107558 0.383378
465 -0.113372 0.386059
466 -0.107558 0.386059
467 -0.110465 0.386059
468 -0.110465 0.38874
469 -0.107558 0.38874
470 -0.110465 0.391421
471 -0.110465 0.391421
472 -0.107558 0.391421
473 -0.107558 0.394102
474 -0.104651 0.396783
475 -0.107558 0.396783
476 -0.107558 0.396783
477 -0.107558 0.399464
478 -0.104651 0.399464
479 -0.104651 0.399464
480 -0.110465 0.402145
481 -0.107558 0.402145
482 -0.107558 0.402145
483 -0.107558 0.402145
484 -0.107558 0.402145
485 -0.107558 0.404826
486 -0.107558 0.407507
487 -0.104651 0.407507
488 -0.107558 0.410188
489 -0.104651 0.410188
490 -0.104651 0.412869
491 -0.104651 0.412869
492 -0.104651 0.41555
493 -0.104651 0.418231
494 -0.104651 0.420912
495 -0.104651 0.420912
496 -0.104651 0.426273
497 -0.104651 0.426273
498 -0.101744 0.426273
499 -0.0988372 0.428954
500 -0.0988372 0.428954
501 -0.0988372 0.431635
502 -0.0988372 0.434316
503 -0.104651 0.434316
504 -0.0988372 0.436997
505 -0.101744 0.436997
506 -0.0988372 0.439678
507 -0.0988372 0.439678
508 -0.101744 0.439678
509 -0.104651 0.442359
510 -0.0988372 0.442359
511 -0.101744 0.44504
512 -0.104651 0.44504
513 -0.104651 0.447721
514 -0.101744 0.450402
515 -0.104651 0.450402
516 -0.101744 0.453083
517 -0.101744 0.455764
518 -0.101744 0.458445
519 -0.101744 0.458445
520 -0.0988372 0.461126
521 -0.0988372 0.463807
522 -0.0988372 0.466488
523 -0.0988372 0.469169
524 -0.0988372 0.469169
525 -0.0988372 0.474531
526 -0.0959302 0.474531
527 -0.0959302 0.477212
528 -0.0988372 0.479893
529 -0.0959302 0.479893
530 -0.0930233 0.485255
531 -0.0930233 0.485255
532 -0.0930233 0.485255
533 -0.0901163 0.487936
534 -0.0930233 0.487936
535 -0.0930233 0.490617
536 -0.0901163 0.495979
537 -0.0930233 0.495979
538 -0.0930233 0.495979
539 -0.0901163 0.501341
540 -0.0930233 0.501341
541 -0.0901163 0.501341
542 -0.0901163 0.504021
543 -0.0901163 0.506702
544 -0.0930233 0.509383
545 -0.0901163 0.512064
546 -0.0930233 0.514745
547 -0.0930233 0.517426
548 -0.0930233 0.517426
549 -0.0930233 0.522788
550 -0.0901163 0.525469
551 -0.0930233 0.52815
552 -0.0930233 0.530831
553 -0.0901163 0.533512
554 -0.0930233 0.536193
555 -0.0901163 0.541555
556 -0.0930233 0.544236
557 -0.0901163 0.546917
558 -0.0930233 0.549598
559 -0.0901163 0.552279
560 -0.0901163 0.55496
561 -0.0901163 0.560322
562 -0.0901163 0.563003
563 -0.0901163 0.565684
564 -0.0901163 0.565684
565 -0.0901163 0.571046
566 -0.0901163 0.573727
567 -0.0901163 0.573727
568 -0.0872093 0.576407
569 -0.0872093 0.579088
570 -0.0872093 0.581769
571 -0.0872093 0.58445
572 -0.0872093 0.58445
573 -0.0872093 0.587131
574 -0.0872093 0.589812
575 -0.0872093 0.592493
576 -0.0872093 0.595174
577 -0.0872093 0.597855
578 -0.0872093 0.600536
579 -0.0872093 0.603217
580 -0.0872093 0.603217
581 -0.0872093 0.605898
582 -0.0872093 0.61126
583 -0.0872093 0.61126
584 -0.0901163 0.616622
585 -0.0872093 0.616622
586 -0.0901163 0.619303
587 -0.0872093 0.621984
588 -0.0872093 0.624665
589 -0.0872093 0.627346
590 -0.0901163 0.630027
591 -0.0872093 0.632708
592 -0.0901163 0.635389
593 -0.0901163 0.63807
594 -0.0872093 0.640751
595 -0.0872093 0.643432
596 -0.0872093 0.646113
597 -0.0872093 0.648794
598 -0.0872093 0.651475
599 -0.0901163 0.654155
600 -0.0872093 0.656836
601 -0.0872093 0.659517
602 -0.0872093 0.662198
603 -0.0872093 0.664879
604 -0.0872093 0.664879
605 -0.0872093 0.66756
606 -0.0843023 0.670241
607 -0.0843023 0.672922
608 -0.0843023 0.675603
609 -0.0843023 0.678284
610 -0.0843023 0.680965
611 -0.0843023 0.680965
612 -0.0813954 0.686327
613 -0.0813954 0.686327
614 -0.0813954 0.689008
615 -0.0813954 0.691689
616 -0.0813954 0.69437
617 -0.0813954 0.697051
618 -0.0813954 0.697051
619 -0.0813954 0.699732
620 -0.0813954 0.699732
621 -0.0813954 0.702413
622 -0.0784884 0.705094
623 -0.0813954 0.705094
624 -0.0784884 0.705094
625 -0.0813954 0.707775
626 -0.0784884 0.710456
627 -0.0784884 0.713137
628 -0.0784884 0.713137
629 -0.0784884 0.715818
630 -0.0784884 0.715818
631 -0.0784884 0.718499
632 -0.0755814 0.72118
633 -0.0784884 0.72118
634 -0.0784884 0.723861
635 -0.0784884 0.726542
636 -0.0784884 0.726542
637 -0.0784884 0.729223
638 -0.0755814 0.731903
639 -0.0755814 0.731903
640 -0.0784884 0.734584
641 -0.0755814 0.737265
642 -0.0755814 0.739946
643 -0.0784884 0.742627
644 -0.0784884 0.742627
645 -0.0755814 0.747989
646 -0.0755814 0.747989
647 -0.0784884 0.753351
648 -0.0784884 0.753351
649 -0.0755814 0.756032
650 -0.0784884 0.758713
651 -0.0755814 0.761394
652 -0.0784884 0.764075
653 -0.0755814 0.764075
654 -0.0755814 0.766756
655 -0.0755814 0.769437
656 -0.0755814 0.772118
657 -0.0755814 0.772118
658 -0.0755814 0.774799
659 -0.0755814 0.77748
660 -0.0726744 0.780161
661 -0.0755814 0.780161
662 -0.0755814 0.780161
663 -0.0755814 0.782842
664 -0.0726744 0.782842
665 -0.0726744 0.785523
666 -0.0726744 0.788204
667 -0.0726744 0.788204
668 -0.0726744 0.788204
669 -0.0726744 0.790885
670 -0.0697674 0.790885
671 -0.0726744 0.793566
672 -0.0726744 0.793566
673 -0.0726744 0.793566
674 -0.0726744 0.796247
675 -0.0726744 0.798928
676 -0.0726744 0.798928
677 -0.0726744 0.801609
678 -0.0726744 0.80429
679 -0.0726744 0.80429
680 -0.0726744 0.806971
681 -0.0726744 0.809651
682 -0.0726744 0.809651
683 -0.0726744 0.812332
684 -0.0726744 0.815013
685 -0.0726744 0.815013
686 -0.0726744 0.817694
687 -0.0726744 0.820375
688 -0.0726744 0.820375
689 -0.0726744 0.823056
690 -0.0726744 0.825737
691 -0.0697674 0.825737
692 -0.0697674 0.828418
693 -0.0697674 0.828418
694 -0.0697674 0.831099
695 -0.0697674 0.831099
696 -0.0697674 0.83378
697 -0.0697674 0.83378
698 -0.0697674 0.836461
699 -0.0697674 0.836461
700 -0.0697674 0.836461
701 -0.0697674 0.836461
702 -0.0697674 0.836461
703 -0.0697674 0.836461
704 -0.0668605 0.839142
705 -0.0668605 0.839142
706 -0.0668605 0.839142
707 -0.0639535 0.841823
708 -0.0668605 0.844504
709 -0.0639535 0.844504
710 -0.0639535 0.844504
711 -0.0639535 0.847185
712 -0.0639535 0.847185
713 -0.0639535 0.847185
714 -0.0639535 0.849866
715 -0.0610465 0.849866
716 -0.0610465 0.852547
717 -0.0610465 0.852547
718 -0.0610465 0.852547
719 -0.0610465 0.855228
720 -0.0610465 0.855228
721 -0.0610465 0.855228
722 -0.0610465 0.857909
723 -0.0610465 0.857909
724 -0.0581395 0.857909
725 -0.0581395 0.857909
726 -0.0581395 0.857909
727 -0.0581395 0.857909
728 -0.0581395 0.857909
729 -0.0581395 0.86059
730 -0.0552326 0.86059
731 -0.0552326 0.86059
732 -0.0581395 0.86059
733 -0.0552326 0.86059
734 -0.0552326 0.863271
735 -0.0552326 0.863271
736 -0.0552326 0.863271
737 -0.0552326 0.865952
738 -0.0552326 0.865952
739 -0.0552326 0.865952
740 -0.0552326 0.868633
741 -0.0552326 0.868633
742 -0.0552326 0.868633
743 -0.0581395 0.868633
744 -0.0552326 0.871314
745 -0.0581395 0.871314
746 -0.0581395 0.871314
747 -0.0581395 0.873995
748 -0.0581395 0.873995
749 -0.0581395 0.873995
750 -0.0610465 0.876676
751 -0.0610465 0.876676
752 -0.0581395 0.876676
753 -0.0610465 0.876676
754 -0.0581395 0.879357
755 -0.0610465 0.879357
756 -0.0581395 0.876676
757 -0.0581395 0.879357
758 -0.0610465 0.876676
759 -0.0610465 0.879357
760 -0.0610465 0.882038
761 -0.0610465 0.879357
762 -0.0610465 0.879357
763 -0.0610465 0.879357
764 -0.0610465 0.879357
765 -0.0610465 0.879357
766 -0.0610465 0.879357
767 -0.0639535 0.879357
768 -0.0639535 0.882038
769 -0.0639535 0.882038
770 -0.0639535 0.879357
771 -0.0639535 0.879357
772 -0.0639535 0.876676
773 -0.0639535 0.876676
774 -0.0639535 0.876676
775 -0.0639535 0.876676
776 -0.0639535 0.876676
777 -0.0639535 0.876676
778 -0.0639535 0.876676
779 -0.0639535 0.876676
780 -0.0639535 0.876676
781 -0.0668605 0.876676
782 -0.0668605 0.876676
783 -0.0668605 0.873995
784 -0.0668605 0.876676
785 -0.0668605 0.876676
786 -0.0668605 0.876676
787 -0.0668605 0.876676
788 -0.0668605 0.876676
789 -0.0668605 0.876676
790 -0.0668605 0.876676
791 -0.0668605 0.876676
792 -0.0697674 0.873995
793 -0.0697674 0.876676
794 -0.0697674 0.873995
795 -0.0697674 0.873995
796 -0.0697674 0.876676
797 -0.0697674 0.876676
798 -0.0726744 0.876676
799 -0.0697674 0.876676
800 -0.0726744 0.876676
801 -0.0726744 0.876676
802 -0.0726744 0.873995
803 -0.0726744 0.873995
804 -0.0755814 0.873995
805 -0.0755814 0.873995
806 -0.0755814 0.873995
807 -0.0755814 0.873995
808 -0.0755814 0.873995
809 -0.0755814 0.873995
810 -0.0755814 0.873995
811 -0.0784884 0.876676
812 -0.0784884 0.876676
813 -0.0784884 0.873995
814 -0.0784884 0.873995
815 -0.0813954 0.873995
816 -0.0813954 0.873995
817 -0.0813954 0.876676
818 -0.0813954 0.873995
819 -0.0813954 0.873995
820 -0.0813954 0.873995
821 -0.0813954 0.876676
822 -0.0813954 0.876676
823 -0.0813954 0.876676
824 -0.0813954 0.873995
825 -0.0813954 0.873995
826 -0.0813954 0.873995
827 -0.0813954 0.873995
828 -0.0813954 0.873995
829 -0.0813954 0.873995
830 -0.0813954 0.873995
831 -0.0813954 0.873995
832 -0.0843023 0.873995
833 -0.0843023 0.873995
834 -0.0843023 0.873995
835 -0.0843023 0.873995
836 -0.0843023 0.873995
837 -0.0843023 0.873995
838 -0.0843023 0.873995
839 -0.0843023 0.873995
840 -0.0843023 0.873995
841 -0.0843023 0.876676
842 -0.0843023 0.876676
843 -0.0843023 0.876676
844 -0.0843023 0.876676
845 -0.0843023 0.876676
846 -0.0843023 0.876676
847 -0.0843023 0.876676
848 -0.0843023 0.873995
849 -0.0843023 0.873995
850 -0.0843023 0.873995
851 -0.0872093 0.873995
852 -0.0872093 0.873995
853 -0.0872093 0.873995
854 -0.0872093 0.873995
855 -0.0872093 0.871314
856 -0.0872093 0.871314
857 -0.0872093 0.871314
858 -0.0872093 0.871314
859 -0.0872093 0.871314
860 -0.0901163 0.871314
861 -0.0901163 0.871314
862 -0.0872093 0.873995
863 -0.0872093 0.873995
864 -0.0872093 0.873995
865 -0.0872093 0.873995
866 -0.0872093 0.873995
867 -0.0872093 0.873995
868 -0.0872093 0.873995
869 -0.0872093 0.873995
870 -0.0872093 0.873995
871 -0.0872093 0.876676
872 -0.0872093 0.876676
873 -0.0872093 0.876676
874 -0.0901163 0.876676
875 -0.0901163 0.876676
876 -0.0901163 0.876676
877 -0.0901163 0.876676
878 -0.0901163 0.876676
879 -0.0901163 0.876676
880 -0.0901163 0.873995
881 -0.0901163 0.873995
882 -0.0901163 0.876676
883 -0.0901163 0.876676
884 -0.0901163 0.876676
885 -0.0901163 0.876676
886 -0.0901163 0.876676
887 -0.0901163 0.876676
888 -0.0901163 0.876676
889 -0.0901163 0.873995
890 -0.0901163 0.873995
891 -0.0901163 0.873995
892 -0.0930233 0.873995
893 -0.0930233 0.871314
894 -0.0901163 0.873995
895 -0.0930233 0.873995
896 -0.0930233 0.873995
