1 -0.420168 0.390977
2 -0.420168 0.390977
3 -0.420168 0.390977
4 -0.420168 0.390977
5 -0.420168 0.390977
6 -0.420168 0.390977
7 -0.417367 0.393484
8 -0.420168 0.390977
9 -0.420168 0.390977
10 -0.420168 0.390977
11 -0.420168 0.390977
12 -0.420168 0.390977
13 -0.420168 0.390977
14 -0.420168 0.390977
15 -0.420168 0.390977
16 -0.420168 0.393484
17 -0.422969 0.390977
18 -0.422969 0.393484
19 -0.422969 0.393484
20 -0.422969 0.393484
21 -0.422969 0.393484
22 -0.422969 0.393484
23 -0.422969 0.39599
24 -0.422969 0.398496
25 -0.42577 0.398496
26 -0.42577 0.398496
27 -0.42577 0.401002
28 -0.42577 0.401002
29 -0.42577 0.403509
30 -0.42577 0.403509
31 -0.42577 0.406015
32 -0.42577 0.406015
33 -0.42577 0.406015
34 -0.42577 0.406015
35 -0.42577 0.406015
36 -0.42577 0.408521
37 -0.422969 0.408521
38 -0.422969 0.411028
39 -0.422969 0.411028
40 -0.422969 0.411028
41 -0.422969 0.411028
42 -0.422969 0.411028
43 -0.422969 0.408521
44 -0.422969 0.408521
45 -0.422969 0.408521
46 -0.422969 0.408521
47 -0.422969 0.408521
48 -0.422969 0.408521
49 -0.422969 0.408521
50 -0.422969 0.408521
51 -0.422969 0.408521
52 -0.422969 0.408521
53 -0.422969 0.408521
54 -0.422969 0.408521
55 -0.422969 0.408521
56 -0.422969 0.408521
57 -0.422969 0.408521
58 -0.422969 0.408521
59 -0.422969 0.408521
60 -0.422969 0.408521
61 -0.420168 0.408521
62 -0.420168 0.408521
63 -0.420168 0.408521
64 -0.420168 0.411028
65 -0.420168 0.411028
66 -0.420168 0.411028
67 -0.420168 0.411028
68 -0.420168 0.411028
69 -0.420168 0.411028
70 -0.420168 0.411028
71 -0.420168 0.411028
72 -0.420168 0.411028
73 -0.420168 0.411028
74 -0.420168 0.408521
75 -0.420168 0.408521
76 -0.420168 0.411028
77 -0.420168 0.411028
78 -0.420168 0.408521
79 -0.420168 0.411028
80 -0.422969 0.408521
81 -0.422969 0.408521
82 -0.420168 0.408521
83 -0.420168 0.408521
84 -0.420168 0.408521
85 -0.420168 0.408521
86 -0.420168 0.408521
87 -0.422969 0.408521
88 -0.420168 0.408521
89 -0.420168 0.408521
90 -0.420168 0.408521
91 -0.420168 0.408521
92 -0.420168 0.408521
93 -0.420168 0.408521
94 -0.420168 0.408521
95 -0.420168 0.408521
96 -0.420168 0.408521
97 -0.420168 0.411028
98 -0.417367 0.411028
99 -0.417367 0.408521
100 -0.414566 0.411028
101 -0.414566 0.411028
102 -0.414566 0.411028
103 -0.411765 0.411028
104 -0.411765 0.411028
105 -0.411765 0.411028
106 -0.411765 0.413534
107 -0.408964 0.413534
108 -0.408964 0.413534
109 -0.406162 0.413534
110 -0.406162 0.413534
111 -0.406162 0.413534
112 -0.406162 0.413534
113 -0.406162 0.413534
114 -0.403361 0.413534
115 -0.403361 0.413534
116 -0.403361 0.413534
117 -0.403361 0.413534
118 -0.40056 0.413534
119 -0.40056 0.411028
120 -0.40056 0.411028
121 -0.40056 0.408521
122 -0.397759 0.408521
123 -0.397759 0.408521
124 -0.397759 0.408521
125 -0.394958 0.408521
126 -0.394958 0.408521
127 -0.394958 0.408521
128 -0.392157 0.408521
129 -0.392157 0.408521
130 -0.389356 0.408521
131 -0.389356 0.406015
132 -0.389356 0.406015
133 -0.389356 0.406015
134 -0.386555 0.406015
135 -0.383754 0.406015
136 -0.383754 0.403509
137 -0.383754 0.403509
138 -0.383754 0.403509
139 -0.380952 0.403509
140 -0.380952 0.401002
141 -0.380952 0.401002
142 -0.378151 0.401002
143 -0.378151 0.401002
144 -0.378151 0.401002
145 -0.37535 0.398496
146 -0.37535 0.398496
147 -0.37535 0.398496
148 -0.372549 0.398496
149 -0.372549 0.398496
150 -0.372549 0.398496
151 -0.372549 0.393484
152 -0.369748 0.393484
153 -0.369748 0.39599
154 -0.369748 0.393484
155 -0.369748 0.390977
156 -0.369748 0.390977
157 -0.369748 0.390977
158 -0.369748 0.390977
159 -0.369748 0.390977
160 -0.369748 0.390977
161 -0.369748 0.388471
162 -0.366947 0.388471
163 -0.366947 0.388471
164 -0.366947 0.388471
165 -0.366947 0.388471
166 -0.366947 0.385965
167 -0.366947 0.385965
168 -0.366947 0.385965
169 -0.364146 0.385965
170 -0.364146 0.385965
171 -0.364146 0.383459
172 -0.364146 0.383459
173 -0.364146 0.383459
174 -0.364146 0.383459
175 -0.364146 0.383459
176 -0.364146 0.383459
177 -0.361345 0.383459
178 -0.361345 0.383459
179 -0.361345 0.383459
180 -0.361345 0.380952
181 -0.361345 0.380952
182 -0.361345 0.380952
183 -0.361345 0.380952
184 -0.361345 0.380952
185 -0.358543 0.380952
186 -0.358543 0.380952
187 -0.358543 0.380952
188 -0.358543 0.380952
189 -0.358543 0.378446
190 -0.355742 0.378446
191 -0.355742 0.380952
192 -0.355742 0.380952
193 -0.355742 0.380952
194 -0.352941 0.378446
195 -0.352941 0.378446
196 -0.352941 0.378446
197 -0.352941 0.378446
198 -0.35014 0.378446
199 -0.35014 0.380952
200 -0.347339 0.380952
201 -0.347339 0.378446
202 -0.347339 0.378446
203 -0.344538 0.378446
204 -0.344538 0.380952
205 -0.341737 0.378446
206 -0.341737 0.378446
207 -0.341737 0.378446
208 -0.338936 0.378446
209 -0.338936 0.378446
210 -0.336134 0.378446
211 -0.333333 0.378446
212 -0.333333 0.378446
213 -0.333333 0.37594
214 -0.330532 0.37594
215 -0.330532 0.37594
216 -0.327731 0.37594
217 -0.327731 0.37594
218 -0.32493 0.37594
219 -0.32493 0.373434
220 -0.32493 0.373434
221 -0.322129 0.373434
222 -0.319328 0.373434
223 -0.319328 0.373434
224 -0.319328 0.370927
225 -0.319328 0.370927
226 -0.316527 0.370927
227 -0.313726 0.370927
228 -0.313726 0.370927
229 -0.313726 0.370927
230 -0.310924 0.370927
231 -0.310924 0.370927
232 -0.308123 0.368421
233 -0.310924 0.368421
234 -0.305322 0.365915
235 -0.305322 0.368421
236 -0.302521 0.368421
237 -0.302521 0.363409
238 -0.29972 0.363409
239 -0.29972 0.365915
240 -0.296919 0.363409
241 -0.294118 0.363409
242 -0.294118 0.360902
243 -0.291317 0.360902
244 -0.288515 0.360902
245 -0.288515 0.358396
246 -0.288515 0.358396
247 -0.285714 0.358396
248 -0.282913 0.35589
249 -0.282913 0.35589
250 -0.280112 0.353383
251 -0.280112 0.353383
252 -0.280112 0.350877
253 -0.277311 0.353383
254 -0.27451 0.350877
255 -0.271709 0.350877
256 -0.271709 0.350877
257 -0.268908 0.348371
258 -0.266106 0.348371
259 -0.266106 0.348371
260 -0.266106 0.348371
261 -0.263305 0.348371
262 -0.263305 0.348371
263 -0.260504 0.348371
264 -0.260504 0.348371
265 -0.257703 0.348371
266 -0.254902 0.348371
267 -0.254902 0.345865
268 -0.254902 0.345865
269 -0.252101 0.348371
270 -0.2493 0.345865
271 -0.2493 0.345865
272 -0.246499 0.343358
273 -0.243697 0.343358
274 -0.243697 0.340852
275 -0.240896 0.343358
276 -0.238095 0.340852
277 -0.235294 0.340852
278 -0.235294 0.340852
279 -0.235294 0.338346
280 -0.232493 0.338346
281 -0.232493 0.338346
282 -0.229692 0.338346
283 -0.229692 0.33584
284 -0.226891 0.338346
285 -0.226891 0.33584
286 -0.226891 0.33584
287 -0.22409 0.338346
288 -0.22409 0.33584
289 -0.22409 0.333333
290 -0.221289 0.33584
291 -0.218487 0.33584
292 -0.218487 0.33584
293 -0.215686 0.333333
294 -0.215686 0.333333
295 -0.215686 0.33584
296 -0.212885 0.33584
297 -0.212885 0.33584
298 -0.212885 0.33584
299 -0.210084 0.33584
300 -0.207283 0.33584
301 -0.207283 0.33584
302 -0.204482 0.333333
303 -0.204482 0.33584
304 -0.201681 0.33584
305 -0.19888 0.333333
306 -0.19888 0.330827
307 -0.196078 0.330827
308 -0.196078 0.333333
309 -0.196078 0.330827
310 -0.193277 0.333333
311 -0.193277 0.333333
312 -0.190476 0.333333
313 -0.190476 0.333333
314 -0.187675 0.333333
315 -0.184874 0.330827
316 -0.184874 0.333333
317 -0.184874 0.333333
318 -0.182073 0.333333
319 -0.182073 0.333333
320 -0.179272 0.333333
321 -0.176471 0.333333
322 -0.176471 0.333333
323 -0.176471 0.333333
324 -0.173669 0.333333
325 -0.173669 0.333333
326 -0.170868 0.333333
327 -0.170868 0.333333
328 -0.168067 0.333333
329 -0.168067 0.333333
330 -0.165266 0.33584
331 -0.162465 0.33584
332 -0.162465 0.33584
333 -0.159664 0.33584
334 -0.159664 0.338346
335 -0.156863 0.338346
336 -0.156863 0.338346
337 -0.154062 0.340852
338 -0.154062 0.340852
339 -0.154062 0.340852
340 -0.151261 0.343358
341 -0.148459 0.343358
342 -0.148459 0.343358
343 -0.148459 0.345865
344 -0.145658 0.345865
345 -0.145658 0.345865
346 -0.142857 0.348371
347 -0.142857 0.348371
348 -0.142857 0.350877
349 -0.140056 0.350877
350 -0.140056 0.350877
351 -0.137255 0.350877
352 -0.137255 0.353383
353 -0.137255 0.353383
354 -0.134454 0.353383
355 -0.134454 0.35589
356 -0.134454 0.35589
357 -0.134454 0.358396
358 -0.134454 0.358396
359 -0.131653 0.360902
360 -0.131653 0.360902
361 -0.131653 0.360902
362 -0.131653 0.363409
363 -0.131653 0.363409
364 -0.131653 0.363409
365 -0.128852 0.365915
366 -0.128852 0.365915
367 -0.128852 0.368421
368 -0.128852 0.368421
369 -0.128852 0.368421
370 -0.128852 0.370927
371 -0.128852 0.368421
372 -0.128852 0.370927
373 -0.128852 0.370927
374 -0.12605 0.370927
375 -0.12605 0.373434
376 -0.12605 0.370927
377 -0.12605 0.373434
378 -0.12605 0.37594
379 -0.12605 0.37594
380 -0.12605 0.37594
381 -0.12605 0.37594
382 -0.123249 0.37594
383 -0.123249 0.378446
384 -0.120448 0.378446
385 -0.120448 0.380952
386 -0.120448 0.380952
387 -0.117647 0.383459
388 -0.117647 0.380952
389 -0.117647 0.383459
390 -0.114846 0.383459
391 -0.114846 0.383459
392 -0.114846 0.385965
393 -0.114846 0.388471
394 -0.112045 0.388471
395 -0.112045 0.390977
396 -0.112045 0.393484
397 -0.109244 0.390977
398 -0.109244 0.390977
399 -0.109244 0.393484
400 -0.109244 0.393484
401 -0.112045 0.39599
402 -0.109244 0.39599
403 -0.109244 0.398496
404 -0.106443 0.398496
405 -0.109244 0.398496
406 -0.106443 0.403509
407 -0.103641 0.403509
408 -0.106443 0.403509
409 -0.103641 0.406015
410 -0.103641 0.406015
411 -0.103641 0.408521
412 -0.103641 0.408521
413 -0.103641 0.411028
414 -0.103641 0.413534
415 -0.106443 0.413534
416 -0.103641 0.41604
417 -0.106443 0.41604
418 -0.106443 0.418546
419 -0.106443 0.418546
420 -0.106443 0.421053
421 -0.106443 0.421053
422 -0.106443 0.423559
423 -0.103641 0.423559
424 -0.109244 0.426065
425 -0.106443 0.428571
426 -0.109244 0.428571
427 -0.106443 0.431078
428 -0.109244 0.431078
429 -0.106443 0.433584
430 -0.109244 0.433584
431 -0.109244 0.43609
432 -0.106443 0.43609
433 -0.106443 0.438596
434 -0.109244 0.438596
435 -0.109244 0.441103
436 -0.109244 0.441103
437 -0.109244 0.443609
438 -0.109244 0.446115
439 -0.109244 0.446115
440 -0.109244 0.448622
441 -0.109244 0.448622
442 -0.109244 0.451128
443 -0.112045 0.451128
444 -0.112045 0.453634
445 -0.109244 0.453634
446 -0.109244 0.45614
447 -0.109244 0.45614
448 -0.112045 0.458647
449 -0.112045 0.461153
450 -0.109244 0.461153
451 -0.109244 0.461153
452 -0.109244 0.461153
453 -0.109244 0.463659
454 -0.106443 0.463659
455 -0.109244 0.468672
456 -0.106443 0.468672
457 -0.106443 0.468672
458 -0.109244 0.471178
459 -0.106443 0.473684
460 -0.103641 0.47619
461 -0.106443 0.47619
462 -0.106443 0.478697
463 -0.106443 0.481203
464 -0.103641 0.481203
465 -0.103641 0.483709
466 -0.10084 0.486216
467 -0.10084 0.486216
468 -0.10084 0.488722
469 -0.10084 0.491228
470 -0.103641 0.491228
471 -0.0980392 0.493734
472 -0.10084 0.496241
473 -0.10084 0.498747
474 -0.0980392 0.498747
475 -0.0980392 0.498747
476 -0.0980392 0.501253
477 -0.0980392 0.503759
478 -0.0980392 0.506266
479 -0.0952381 0.508772
480 -0.0980392 0.508772
481 -0.0980392 0.511278
482 -0.0980392 0.513784
483 -0.0952381 0.516291
484 -0.0980392 0.516291
485 -0.0980392 0.518797
486 -0.0980392 0.521303
487 -0.0952381 0.521303
488 -0.0980392 0.52381
489 -0.0980392 0.52381
490 -0.0952381 0.526316
491 -0.0980392 0.526316
492 -0.0980392 0.528822
493 -0.0980392 0.528822
494 -0.0980392 0.531328
495 -0.0980392 0.531328
496 -0.0980392 0.533835
497 -0.10084 0.533835
498 -0.0980392 0.533835
499 -0.0980392 0.536341
500 -0.0980392 0.538847
501 -0.0980392 0.538847
502 -0.10084 0.538847
503 -0.0980392 0.54386
504 -0.0952381 0.546366
505 -0.0980392 0.546366
506 -0.0980392 0.548872
507 -0.0980392 0.548872
508 -0.0980392 0.551378
509 -0.0980392 0.553885
510 -0.0980392 0.553885
511 -0.0980392 0.558897
512 -0.0980392 0.558897
513 -0.0980392 0.561404
514 -0.10084 0.56391
515 -0.0980392 0.56391
516 -0.10084 0.568922
517 -0.10084 0.568922
518 -0.0980392 0.571429
519 -0.10084 0.573935
520 -0.0980392 0.576441
521 -0.0980392 0.576441
522 -0.0980392 0.578947
523 -0.0980392 0.581454
524 -0.0980392 0.58396
525 -0.0980392 0.58396
526 -0.0952381 0.58396
527 -0.0980392 0.586466
528 -0.0952381 0.588972
529 -0.0952381 0.591479
530 -0.0952381 0.591479
531 -0.0980392 0.593985
532 -0.0952381 0.596491
533 -0.092437 0.596491
534 -0.092437 0.596491
535 -0.0952381 0.601504
536 -0.092437 0.601504
537 -0.0952381 0.601504
538 -0.0952381 0.60401
539 -0.0952381 0.606516
540 -0.092437 0.606516
541 -0.0868347 0.609023
542 -0.0896359 0.609023
543 -0.0896359 0.611529
544 -0.0868347 0.611529
545 -0.0896359 0.611529
546 -0.0868347 0.611529
547 -0.0896359 0.616541
548 -0.0868347 0.616541
549 -0.0868347 0.616541
550 -0.0840336 0.619048
551 -0.0840336 0.619048
552 -0.0840336 0.621554
553 -0.0840336 0.621554
554 -0.0840336 0.626566
555 -0.0840336 0.626566
556 -0.0840336 0.626566
557 -0.0840336 0.629073
558 -0.0812325 0.629073
559 -0.0840336 0.631579
560 -0.0812325 0.634085
561 -0.0840336 0.634085
562 -0.0812325 0.636591
563 -0.0784314 0.639098
564 -0.0812325 0.641604
565 -0.0784314 0.641604
566 -0.0812325 0.64411
567 -0.0784314 0.646617
568 -0.0784314 0.649123
569 -0.0756303 0.649123
570 -0.0756303 0.651629
571 -0.0756303 0.651629
572 -0.0756303 0.654135
573 -0.0728291 0.656642
574 -0.0756303 0.656642
575 -0.0728291 0.659148
576 -0.070028 0.661654
577 -0.0728291 0.66416
578 -0.070028 0.66416
579 -0.070028 0.669173
580 -0.070028 0.669173
581 -0.070028 0.671679
582 -0.070028 0.674185
583 -0.0672269 0.676692
584 -0.0644258 0.676692
585 -0.0644258 0.679198
586 -0.0616246 0.684211
587 -0.0644258 0.684211
588 -0.0616246 0.686717
589 -0.0616246 0.689223
590 -0.0616246 0.689223
591 -0.0616246 0.694236
592 -0.0616246 0.694236
593 -0.0616246 0.696742
594 -0.0616246 0.696742
595 -0.0616246 0.696742
596 -0.0616246 0.699248
597 -0.0616246 0.701754
598 -0.0588235 0.701754
599 -0.0588235 0.704261
600 -0.0588235 0.704261
601 -0.0588235 0.706767
602 -0.0588235 0.709273
603 -0.0588235 0.709273
604 -0.0588235 0.709273
605 -0.0588235 0.711779
606 -0.0588235 0.714286
607 -0.0588235 0.711779
608 -0.0588235 0.716792
609 -0.0560224 0.716792
610 -0.0588235 0.716792
611 -0.0588235 0.719298
612 -0.0588235 0.721804
613 -0.0616246 0.724311
614 -0.0588235 0.726817
615 -0.0616246 0.729323
616 -0.0616246 0.729323
617 -0.0616246 0.729323
618 -0.0616246 0.73183
619 -0.0616246 0.734336
620 -0.0616246 0.736842
621 -0.0616246 0.739348
622 -0.0616246 0.741855
623 -0.0616246 0.741855
624 -0.0616246 0.744361
625 -0.0616246 0.744361
626 -0.0644258 0.746867
627 -0.0616246 0.746867
628 -0.0644258 0.749373
629 -0.0616246 0.749373
630 -0.0644258 0.75188
631 -0.0644258 0.75188
632 -0.0644258 0.754386
633 -0.0616246 0.754386
634 -0.0616246 0.756892
635 -0.0616246 0.756892
636 -0.0616246 0.756892
637 -0.0616246 0.759399
638 -0.0616246 0.759399
639 -0.0616246 0.761905
640 -0.0616246 0.761905
641 -0.0644258 0.761905
642 -0.0616246 0.764411
643 -0.0644258 0.764411
644 -0.0616246 0.769424
645 -0.0616246 0.769424
646 -0.0644258 0.77193
647 -0.0644258 0.77193
648 -0.0644258 0.77193
649 -0.0644258 0.776942
650 -0.0644258 0.776942
651 -0.0644258 0.776942
652 -0.0616246 0.779449
653 -0.0644258 0.779449
654 -0.0644258 0.781955
655 -0.0644258 0.784461
656 -0.0644258 0.784461
657 -0.0644258 0.786967
658 -0.0644258 0.786967
659 -0.0644258 0.786967
660 -0.0644258 0.786967
661 -0.0616246 0.789474
662 -0.0644258 0.789474
663 -0.0644258 0.79198
664 -0.0644258 0.79198
665 -0.0644258 0.794486
666 -0.0644258 0.794486
667 -0.0644258 0.796992
668 -0.0644258 0.796992
669 -0.0644258 0.799499
670 -0.0644258 0.799499
671 -0.0644258 0.799499
672 -0.0644258 0.799499
673 -0.0644258 0.802005
674 -0.0644258 0.802005
675 -0.0644258 0.804511
676 -0.0644258 0.807018
677 -0.0644258 0.807018
678 -0.0644258 0.809524
679 -0.0644258 0.809524
680 -0.0644258 0.81203
681 -0.0644258 0.81203
682 -0.0644258 0.814536
683 -0.0644258 0.814536
684 -0.0644258 0.817043
685 -0.0644258 0.819549
686 -0.0616246 0.819549
687 -0.0616246 0.822055
688 -0.0616246 0.822055
689 -0.0616246 0.827068
690 -0.0616246 0.829574
691 -0.0588235 0.83208
692 -0.0588235 0.834586
693 -0.0588235 0.837093
694 -0.0588235 0.837093
695 -0.0588235 0.839599
696 -0.0588235 0.842105
697 -0.0588235 0.842105
698 -0.0560224 0.842105
699 -0.0560224 0.844612
700 -0.0560224 0.847118
701 -0.0560224 0.847118
702 -0.0560224 0.849624
703 -0.0560224 0.849624
704 -0.0560224 0.85213
705 -0.0532213 0.85213
706 -0.0560224 0.85213
707 -0.0560224 0.854637
708 -0.0560224 0.854637
709 -0.0532213 0.857143
710 -0.0532213 0.857143
711 -0.0532213 0.859649
712 -0.0532213 0.859649
713 -0.0532213 0.862155
714 -0.0560224 0.862155
715 -0.0532213 0.864662
716 -0.0560224 0.862155
717 -0.0532213 0.867168
718 -0.0532213 0.867168
719 -0.0560224 0.867168
720 -0.0560224 0.867168
721 -0.0532213 0.87218
722 -0.0532213 0.874687
723 -0.0532213 0.874687
724 -0.0532213 0.874687
725 -0.0532213 0.874687
726 -0.0532213 0.874687
727 -0.0532213 0.877193
728 -0.0532213 0.877193
729 -0.0532213 0.879699
730 -0.0532213 0.879699
731 -0.0560224 0.879699
732 -0.0560224 0.882205
733 -0.0560224 0.882205
734 -0.0560224 0.884712
735 -0.0560224 0.884712
736 -0.0560224 0.884712
737 -0.0560224 0.887218
738 -0.0560224 0.887218
739 -0.0560224 0.887218
740 -0.0560224 0.887218
741 -0.0560224 0.889724
742 -0.0588235 0.889724
743 -0.0560224 0.892231
744 -0.0560224 0.892231
745 -0.0588235 0.894737
746 -0.0560224 0.897243
747 -0.0560224 0.897243
748 -0.0560224 0.897243
749 -0.0560224 0.897243
750 -0.0560224 0.899749
751 -0.0560224 0.902256
752 -0.0560224 0.902256
753 -0.0560224 0.902256
754 -0.0560224 0.904762
755 -0.0532213 0.904762
756 -0.0532213 0.904762
757 -0.0532213 0.904762
758 -0.0532213 0.907268
759 -0.0504202 0.907268
760 -0.0532213 0.907268
761 -0.0504202 0.909774
762 -0.0504202 0.909774
763 -0.0504202 0.912281
764 -0.047619 0.914787
765 -0.0504202 0.914787
766 -0.047619 0.914787
767 -0.047619 0.914787
768 -0.047619 0.917293
769 -0.047619 0.917293
770 -0.047619 0.917293
771 -0.0448179 0.9198
772 -0.0448179 0.9198
773 -0.0420168 0.9198
774 -0.0420168 0.9198
775 -0.0420168 0.9198
776 -0.0420168 0.9198
777 -0.0420168 0.9198
778 -0.0420168 0.9198
779 -0.0420168 0.9198
780 -0.0420168 0.9198
781 -0.0420168 0.9198
782 -0.0420168 0.9198
783 -0.0392157 0.917293
784 -0.0392157 0.917293
785 -0.0392157 0.917293
786 -0.0392157 0.917293
787 -0.0392157 0.917293
788 -0.0392157 0.917293
789 -0.0392157 0.917293
790 -0.0392157 0.9198
791 -0.0392157 0.9198
792 -0.0392157 0.9198
793 -0.0392157 0.9198
794 -0.0392157 0.9198
795 -0.0392157 0.9198
796 -0.0392157 0.9198
797 -0.0364146 0.9198
798 -0.0364146 0.9198
799 -0.0364146 0.9198
800 -0.0364146 0.9198
801 -0.0364146 0.9198
802 -0.0364146 0.917293
803 -0.0364146 0.917293
804 -0.0364146 0.917293
805 -0.0336134 0.917293
806 -0.0336134 0.917293
807 -0.0364146 0.914787
808 -0.0336134 0.914787
809 -0.0336134 0.912281
810 -0.0336134 0.909774
811 -0.0336134 0.909774
812 -0.0336134 0.909774
813 -0.0336134 0.909774
814 -0.0364146 0.907268
815 -0.0364146 0.907268
816 -0.0364146 0.904762
817 -0.0364146 0.904762
818 -0.0364146 0.902256
819 -0.0364146 0.899749
820 -0.0364146 0.899749
821 -0.0364146 0.899749
822 -0.0392157 0.899749
823 -0.0392157 0.897243
824 -0.0392157 0.897243
825 -0.0392157 0.894737
826 -0.0392157 0.894737
827 -0.0392157 0.892231
828 -0.0392157 0.892231
829 -0.0392157 0.889724
830 -0.0392157 0.889724
831 -0.0392157 0.887218
832 -0.0392157 0.887218
833 -0.0420168 0.887218
834 -0.0420168 0.884712
835 -0.0420168 0.884712
836 -0.0420168 0.884712
837 -0.0420168 0.882205
838 -0.0420168 0.882205
839 -0.0448179 0.882205
840 -0.0420168 0.879699
841 -0.0448179 0.879699
842 -0.0448179 0.879699
843 -0.0420168 0.877193
844 -0.0420168 0.877193
845 -0.0448179 0.874687
846 -0.0448179 0.874687
847 -0.0448179 0.874687
848 -0.0448179 0.87218
849 -0.0448179 0.87218
850 -0.0448179 0.869674
851 -0.0448179 0.87218
852 -0.0448179 0.869674
853 -0.0448179 0.87218
854 -0.0448179 0.869674
855 -0.047619 0.867168
856 -0.047619 0.867168
857 -0.0448179 0.867168
858 -0.0448179 0.864662
859 -0.047619 0.864662
860 -0.047619 0.864662
861 -0.0448179 0.864662
862 -0.0448179 0.862155
863 -0.047619 0.859649
864 -0.047619 0.862155
865 -0.0448179 0.859649
866 -0.0448179 0.859649
867 -0.047619 0.859649
868 -0.047619 0.859649
869 -0.047619 0.857143
870 -0.047619 0.859649
871 -0.047619 0.857143
872 -0.047619 0.857143
873 -0.047619 0.857143
874 -0.047619 0.854637
875 -0.047619 0.854637
876 -0.047619 0.85213
877 -0.047619 0.85213
878 -0.047619 0.85213
879 -0.0448179 0.85213
880 -0.047619 0.849624
881 -0.047619 0.847118
882 -0.047619 0.847118
883 -0.047619 0.847118
884 -0.0448179 0.847118
885 -0.0448179 0.847118
886 -0.0448179 0.847118
887 -0.0448179 0.844612
888 -0.0420168 0.844612
889 -0.0448179 0.844612
890 -0.0448179 0.842105
891 -0.0448179 0.839599
892 -0.0420168 0.839599
893 -0.0448179 0.839599
894 -0.0420168 0.839599
895 -0.0420168 0.837093
896 -0.0420168 0.834586
897 -0.0420168 0.834586
898 -0.0420168 0.834586
899 -0.0420168 0.834586
900 -0.0420168 0.83208
901 -0.0392157 0.829574
902 -0.0420168 0.829574
903 -0.0392157 0.829574
904 -0.0392157 0.827068
905 -0.0392157 0.827068
906 -0.0364146 0.827068
907 -0.0364146 0.824561
908 -0.0364146 0.822055
909 -0.0392157 0.822055
910 -0.0364146 0.819549
911 -0.0364146 0.819549
912 -0.0392157 0.819549
913 -0.0392157 0.817043
914 -0.0364146 0.817043
915 -0.0364146 0.814536
916 -0.0364146 0.814536
917 -0.0364146 0.81203
918 -0.0364146 0.81203
919 -0.0364146 0.809524
920 -0.0364146 0.809524
921 -0.0364146 0.807018
922 -0.0364146 0.807018
923 -0.0364146 0.804511
924 -0.0364146 0.802005
925 -0.0364146 0.799499
926 -0.0364146 0.799499
927 -0.0364146 0.799499
928 -0.0364146 0.796992
929 -0.0364146 0.796992
930 -0.0364146 0.794486
931 -0.0336134 0.79198
932 -0.0364146 0.79198
933 -0.0364146 0.789474
934 -0.0364146 0.789474
935 -0.0364146 0.784461
936 -0.0364146 0.786967
937 -0.0364146 0.786967
938 -0.0364146 0.784461
939 -0.0364146 0.784461
940 -0.0364146 0.781955
941 -0.0364146 0.781955
942 -0.0364146 0.781955
943 -0.0364146 0.779449
944 -0.0392157 0.781955
945 -0.0392157 0.779449
946 -0.0392157 0.779449
947 -0.0392157 0.776942
948 -0.0392157 0.776942
949 -0.0392157 0.774436
950 -0.0392157 0.774436
951 -0.0392157 0.774436
952 -0.0420168 0.77193
953 -0.0420168 0.77193
954 -0.0392157 0.769424
955 -0.0420168 0.769424
956 -0.0420168 0.766917
957 -0.0420168 0.766917
958 -0.0420168 0.764411
959 -0.0420168 0.764411
960 -0.0420168 0.761905
961 -0.0420168 0.761905
962 -0.0420168 0.761905
963 -0.0420168 0.759399
964 -0.0420168 0.759399
965 -0.0420168 0.756892
966 -0.0420168 0.756892
967 -0.0420168 0.754386
968 -0.0420168 0.754386
969 -0.0420168 0.75188
970 -0.0420168 0.75188
971 -0.0420168 0.749373
972 -0.0420168 0.749373
973 -0.0420168 0.749373
974 -0.0420168 0.749373
975 -0.0420168 0.746867
976 -0.0420168 0.746867
977 -0.0420168 0.744361
978 -0.0448179 0.746867
979 -0.0420168 0.746867
980 -0.0420168 0.744361
981 -0.0420168 0.744361
982 -0.0448179 0.744361
983 -0.0448179 0.741855
984 -0.0420168 0.739348
985 -0.0420168 0.739348
986 -0.0420168 0.739348
987 -0.0448179 0.739348
988 -0.0420168 0.739348
989 -0.0448179 0.736842
990 -0.0420168 0.736842
991 -0.0448179 0.736842
992 -0.0420168 0.736842
993 -0.0420168 0.736842
994 -0.0420168 0.736842
995 -0.0420168 0.736842
996 -0.0420168 0.734336
997 -0.0420168 0.734336
998 -0.0420168 0.73183
999 -0.0420168 0.73183
1000 -0.0420168 0.73183
1001 -0.0420168 0.729323
1002 -0.0420168 0.729323
1003 -0.0420168 0.729323
1004 -0.0420168 0.729323
1005 -0.0392157 0.726817
1006 -0.0420168 0.726817
1007 -0.0420168 0.724311
1008 -0.0392157 0.724311
1009 -0.0392157 0.721804
1010 -0.0392157 0.719298
1011 -0.0392157 0.719298
1012 -0.0392157 0.716792
1013 -0.0392157 0.714286
1014 -0.0392157 0.714286
1015 -0.0392157 0.711779
1016 -0.0364146 0.711779
1017 -0.0392157 0.709273
1018 -0.0392157 0.706767
1019 -0.0392157 0.706767
1020 -0.0392157 0.706767
1021 -0.0392157 0.706767
1022 -0.0392157 0.704261
1023 -0.0392157 0.704261
1024 -0.0392157 0.701754
1025 -0.0392157 0.701754
1026 -0.0392157 0.701754
1027 -0.0392157 0.699248
1028 -0.0420168 0.699248
1029 -0.0420168 0.696742
1030 -0.0420168 0.694236
1031 -0.0420168 0.694236
1032 -0.0448179 0.694236
1033 -0.0420168 0.689223
1034 -0.0420168 0.689223
1035 -0.0448179 0.689223
1036 -0.0420168 0.684211
1037 -0.0448179 0.684211
1038 -0.0420168 0.681704
1039 -0.0448179 0.679198
1040 -0.0448179 0.676692
1041 -0.0448179 0.676692
1042 -0.047619 0.674185
1043 -0.047619 0.671679
1044 -0.0504202 0.669173
1045 -0.0504202 0.669173
1046 -0.0504202 0.666667
1047 -0.0504202 0.666667
1048 -0.0504202 0.666667
1049 -0.0504202 0.66416
1050 -0.0532213 0.661654
1051 -0.0532213 0.659148
1052 -0.0532213 0.659148
1053 -0.0532213 0.656642
1054 -0.0504202 0.654135
1055 -0.0532213 0.651629
1056 -0.0560224 0.649123
1057 -0.0532213 0.646617
1058 -0.0560224 0.646617
1059 -0.0532213 0.641604
1060 -0.0532213 0.641604
1061 -0.0560224 0.639098
1062 -0.0560224 0.639098
1063 -0.0560224 0.636591
1064 -0.0560224 0.636591
1065 -0.0560224 0.634085
1066 -0.0560224 0.634085
1067 -0.0588235 0.631579
1068 -0.0588235 0.631579
1069 -0.0560224 0.631579
1070 -0.0560224 0.631579
1071 -0.0560224 0.629073
1072 -0.0532213 0.629073
1073 -0.0560224 0.626566
1074 -0.0588235 0.629073
1075 -0.0588235 0.626566
1076 -0.0560224 0.626566
1077 -0.0560224 0.626566
1078 -0.0588235 0.626566
1079 -0.0560224 0.626566
1080 -0.0560224 0.62406
1081 -0.0560224 0.62406
1082 -0.0532213 0.62406
1083 -0.0532213 0.621554
1084 -0.0560224 0.621554
1085 -0.0532213 0.621554
1086 -0.0560224 0.621554
1087 -0.0532213 0.619048
1088 -0.0532213 0.616541
1089 -0.0532213 0.616541
1090 -0.0532213 0.616541
1091 -0.0560224 0.616541
1092 -0.0504202 0.614035
1093 -0.0532213 0.611529
1094 -0.0532213 0.611529
1095 -0.0560224 0.611529
1096 -0.0560224 0.611529
1097 -0.0560224 0.611529
1098 -0.0532213 0.611529
1099 -0.0560224 0.611529
1100 -0.0560224 0.611529
1101 -0.0560224 0.609023
1102 -0.0560224 0.609023
1103 -0.0560224 0.606516
1104 -0.0560224 0.606516
1105 -0.0560224 0.606516
1106 -0.0588235 0.606516
1107 -0.0560224 0.60401
1108 -0.0588235 0.60401
1109 -0.0560224 0.601504
1110 -0.0560224 0.601504
1111 -0.0560224 0.601504
1112 -0.0560224 0.598997
1113 -0.0560224 0.596491
1114 -0.0532213 0.596491
1115 -0.0560224 0.596491
1116 -0.0532213 0.593985
1117 -0.0560224 0.593985
1118 -0.0560224 0.591479
1119 -0.0560224 0.591479
1120 -0.0560224 0.591479
1121 -0.0560224 0.588972
1122 -0.0560224 0.588972
1123 -0.0560224 0.586466
1124 -0.0560224 0.586466
1125 -0.0560224 0.58396
1126 -0.0560224 0.58396
1127 -0.0560224 0.58396
1128 -0.0560224 0.581454
1129 -0.0560224 0.581454
1130 -0.0532213 0.581454
1131 -0.0532213 0.578947
1132 -0.0532213 0.576441
1133 -0.0560224 0.576441
1134 -0.0532213 0.576441
1135 -0.0532213 0.573935
1136 -0.0532213 0.573935
1137 -0.0504202 0.571429
1138 -0.0532213 0.571429
1139 -0.0532213 0.571429
1140 -0.0532213 0.568922
1141 -0.0532213 0.568922
1142 -0.0532213 0.568922
1143 -0.0532213 0.566416
1144 -0.0532213 0.566416
1145 -0.0560224 0.566416
1146 -0.0532213 0.56391
1147 -0.0532213 0.56391
1148 -0.0532213 0.561404
1149 -0.0532213 0.561404
1150 -0.0532213 0.561404
1151 -0.0504202 0.558897
1152 -0.0504202 0.556391
1153 -0.0532213 0.556391
1154 -0.0532213 0.556391
1155 -0.0532213 0.556391
1156 -0.0504202 0.551378
1157 -0.0504202 0.551378
1158 -0.0532213 0.551378
1159 -0.0532213 0.551378
1160 -0.047619 0.551378
1161 -0.0504202 0.548872
1162 -0.0504202 0.548872
1163 -0.0504202 0.546366
1164 -0.047619 0.546366
1165 -0.047619 0.546366
1166 -0.0504202 0.54386
1167 -0.0504202 0.541353
1168 -0.0504202 0.541353
1169 -0.0504202 0.541353
1170 -0.0504202 0.538847
1171 -0.047619 0.541353
1172 -0.047619 0.541353
1173 -0.047619 0.538847
1174 -0.0448179 0.538847
1175 -0.047619 0.536341
1176 -0.047619 0.536341
1177 -0.047619 0.536341
1178 -0.047619 0.536341
1179 -0.047619 0.536341
1180 -0.047619 0.533835
1181 -0.047619 0.533835
1182 -0.0448179 0.528822
1183 -0.047619 0.531328
1184 -0.047619 0.531328
1185 -0.047619 0.531328
1186 -0.047619 0.528822
1187 -0.047619 0.526316
1188 -0.047619 0.526316
1189 -0.047619 0.52381
1190 -0.047619 0.52381
1191 -0.047619 0.52381
1192 -0.047619 0.521303
1193 -0.0504202 0.521303
1194 -0.047619 0.518797
1195 -0.0448179 0.516291
1196 -0.047619 0.516291
1197 -0.0448179 0.513784
1198 -0.0504202 0.516291
1199 -0.0504202 0.513784
1200 -0.047619 0.513784
1201 -0.0504202 0.511278
1202 -0.047619 0.511278
1203 -0.0504202 0.508772
1204 -0.0504202 0.508772
1205 -0.0504202 0.506266
1206 -0.0504202 0.506266
1207 -0.0504202 0.506266
1208 -0.0504202 0.503759
1209 -0.0504202 0.503759
1210 -0.0504202 0.501253
1211 -0.0504202 0.501253
1212 -0.0504202 0.501253
1213 -0.0504202 0.501253
1214 -0.0504202 0.501253
1215 -0.0504202 0.501253
1216 -0.0532213 0.498747
1217 -0.0532213 0.496241
1218 -0.0532213 0.496241
1219 -0.0504202 0.496241
1220 -0.0504202 0.496241
1221 -0.0504202 0.493734
1222 -0.0560224 0.493734
1223 -0.0532213 0.491228
1224 -0.0532213 0.491228
1225 -0.0532213 0.491228
1226 -0.0532213 0.488722
1227 -0.0532213 0.486216
1228 -0.0532213 0.486216
1229 -0.0532213 0.486216
1230 -0.0532213 0.483709
1231 -0.0504202 0.478697
1232 -0.0504202 0.478697
1233 -0.0532213 0.478697
1234 -0.0504202 0.47619
1235 -0.0504202 0.47619
1236 -0.0504202 0.473684
1237 -0.0532213 0.473684
1238 -0.0504202 0.473684
1239 -0.0504202 0.471178
1240 -0.0532213 0.468672
1241 -0.0532213 0.466165
1242 -0.0504202 0.466165
1243 -0.0504202 0.466165
1244 -0.0532213 0.466165
1245 -0.0532213 0.461153
1246 -0.0532213 0.461153
1247 -0.0532213 0.461153
1248 -0.0532213 0.458647
1249 -0.0532213 0.45614
1250 -0.0532213 0.453634
1251 -0.0532213 0.453634
1252 -0.0532213 0.453634
1253 -0.0532213 0.451128
1254 -0.0532213 0.451128
1255 -0.0532213 0.451128
1256 -0.0532213 0.448622
1257 -0.0532213 0.446115
1258 -0.0532213 0.446115
1259 -0.0532213 0.443609
1260 -0.0532213 0.443609
1261 -0.0532213 0.441103
1262 -0.0560224 0.443609
1263 -0.0560224 0.443609
1264 -0.0560224 0.441103
1265 -0.0560224 0.441103
1266 -0.0560224 0.441103
1267 -0.0588235 0.438596
1268 -0.0560224 0.43609
1269 -0.0560224 0.43609
1270 -0.0560224 0.433584
1271 -0.0560224 0.431078
1272 -0.0560224 0.431078
1273 -0.0560224 0.431078
1274 -0.0560224 0.428571
1275 -0.0560224 0.426065
1276 -0.0560224 0.428571
1277 -0.0588235 0.428571
1278 -0.0560224 0.426065
1279 -0.0560224 0.423559
1280 -0.0588235 0.421053
1281 -0.0588235 0.421053
1282 -0.0560224 0.418546
1283 -0.0588235 0.418546
1284 -0.0588235 0.41604
1285 -0.0588235 0.41604
1286 -0.0588235 0.41604
1287 -0.0588235 0.413534
1288 -0.0560224 0.411028
1289 -0.0560224 0.411028
1290 -0.0560224 0.408521
1291 -0.0560224 0.406015
1292 -0.0560224 0.406015
1293 -0.0588235 0.406015
1294 -0.0560224 0.403509
1295 -0.0560224 0.403509
1296 -0.0560224 0.403509
1297 -0.0560224 0.406015
1298 -0.0560224 0.403509
1299 -0.0560224 0.401002
1300 -0.0560224 0.398496
1301 -0.0588235 0.398496
1302 -0.0588235 0.39599
1303 -0.0532213 0.393484
1304 -0.0532213 0.390977
1305 -0.0560224 0.390977
1306 -0.0532213 0.388471
1307 -0.0560224 0.390977
1308 -0.0560224 0.388471
1309 -0.0560224 0.388471
1310 -0.0532213 0.385965
1311 -0.0532213 0.385965
1312 -0.0560224 0.385965
1313 -0.0560224 0.383459
1314 -0.0560224 0.383459
1315 -0.0560224 0.383459
1316 -0.0560224 0.383459
1317 -0.0532213 0.380952
1318 -0.0504202 0.37594
1319 -0.0560224 0.378446
1320 -0.0560224 0.37594
1321 -0.0532213 0.370927
1322 -0.0532213 0.373434
1323 -0.0560224 0.370927
1324 -0.0560224 0.368421
1325 -0.0532213 0.365915
1326 -0.0532213 0.365915
1327 -0.0532213 0.365915
1328 -0.0560224 0.363409
1329 -0.0504202 0.363409
1330 -0.0560224 0.363409
1331 -0.0560224 0.363409
1332 -0.0504202 0.358396
1333 -0.0532213 0.358396
1334 -0.0560224 0.358396
1335 -0.0532213 0.35589
1336 -0.0532213 0.35589
1337 -0.0560224 0.35589
1338 -0.0560224 0.353383
1339 -0.0560224 0.353383
1340 -0.0560224 0.350877
1341 -0.0560224 0.348371
1342 -0.0560224 0.345865
1343 -0.0532213 0.343358
1344 -0.0560224 0.343358
1345 -0.0504202 0.338346
1346 -0.0504202 0.338346
1347 -0.0504202 0.338346
1348 -0.0504202 0.33584
1349 -0.0532213 0.338346
1350 -0.0560224 0.338346
1351 -0.0532213 0.33584
1352 -0.0532213 0.33584
1353 -0.0532213 0.33584
1354 -0.0532213 0.33584
1355 -0.0532213 0.33584
1356 -0.0532213 0.33584
1357 -0.0532213 0.338346
1358 -0.0532213 0.338346
1359 -0.0532213 0.338346
1360 -0.0532213 0.340852
1361 -0.0532213 0.340852
1362 -0.0532213 0.343358
1363 -0.0532213 0.340852
1364 -0.047619 0.340852
1365 -0.0560224 0.343358
1366 -0.0560224 0.343358
1367 -0.047619 0.340852
1368 -0.047619 0.340852
1369 -0.0532213 0.345865
1370 -0.0532213 0.345865
1371 -0.0532213 0.345865
1372 -0.0532213 0.345865
1373 -0.0532213 0.345865
1374 -0.0532213 0.345865
1375 -0.0532213 0.345865
1376 -0.0532213 0.343358
1377 -0.0532213 0.343358
1378 -0.0532213 0.345865
1379 -0.0532213 0.345865
1380 -0.0532213 0.345865
1381 -0.0532213 0.345865
1382 -0.0532213 0.345865
1383 -0.0532213 0.348371
1384 -0.0560224 0.348371
1385 -0.0560224 0.348371
1386 -0.0560224 0.348371
1387 -0.0560224 0.348371
1388 -0.0560224 0.348371
1389 -0.0532213 0.350877
1390 -0.0532213 0.350877
1391 -0.0532213 0.350877
1392 -0.0532213 0.350877
1393 -0.0532213 0.350877
1394 -0.0532213 0.353383
1395 -0.0532213 0.353383
1396 -0.0532213 0.353383
1397 -0.0532213 0.353383
1398 -0.0532213 0.353383
1399 -0.0532213 0.353383
1400 -0.0532213 0.353383
1401 -0.0532213 0.353383
1402 -0.0532213 0.353383
1403 -0.0532213 0.353383
1404 -0.0532213 0.353383
1405 -0.0532213 0.353383
1406 -0.0532213 0.353383
1407 -0.0532213 0.353383
1408 -0.0532213 0.353383
1409 -0.0532213 0.353383
1410 -0.0532213 0.353383
1411 -0.0504202 0.350877
1412 -0.0504202 0.350877
1413 -0.0504202 0.350877
1414 -0.0504202 0.350877
1415 -0.0504202 0.350877
1416 -0.0504202 0.350877
1417 -0.0504202 0.350877
1418 -0.047619 0.350877
1419 -0.047619 0.350877
1420 -0.047619 0.350877
1421 -0.047619 0.350877
1422 -0.047619 0.350877
1423 -0.047619 0.350877
1424 -0.047619 0.350877
1425 -0.047619 0.350877
1426 -0.047619 0.350877
1427 -0.047619 0.350877
1428 -0.047619 0.350877
1429 -0.0504202 0.350877
1430 -0.0504202 0.350877
1431 -0.0504202 0.350877
1432 -0.0504202 0.350877
1433 -0.047619 0.350877
1434 -0.0504202 0.350877
1435 -0.0504202 0.350877
1436 -0.047619 0.353383
1437 -0.047619 0.353383
1438 -0.047619 0.353383
1439 -0.047619 0.353383
1440 -0.047619 0.353383
1441 -0.047619 0.35589
1442 -0.047619 0.35589
1443 -0.047619 0.35589
