1 -0.394322 0.520384
36 -0.356467 0.498801
71 -0.302839 0.477218
106 -0.227129 0.455635
141 -0.15142 0.438849
176 -0.0662461 0.46283
211 -0.0283912 0.517986
246 -0.022082 0.58753
281 -0.0252366 0.678657
316 -0.0189274 0.748201
351 -0.0283912 0.820144
386 -0.0315457 0.865707
421 -0.0315457 0.908873
456 -0.0315457 0.920863
491 -0.0283912 0.899281
526 -0.022082 0.83693
561 -0.00630915 0.741007
596 0.0126183 0.635492
631 -0.0189274 0.539568
666 -0.0725552 0.46283
701 -0.164038 0.426859
736 -0.25552 0.446043
771 -0.309148 0.491607
806 -0.343849 0.510791
841 -0.343849 0.532374
876 -0.343849 0.532374
911 -0.321767 0.508393
946 -0.271293 0.479616
981 -0.195584 0.450839
1016 -0.116719 0.438849
1051 -0.0599369 0.446043
1086 -0.0252366 0.47482
1121 -0.00315457 0.549161
1156 0.00315457 0.645084
1191 0.00946372 0.743405
1226 0.0252366 0.822542
1261 0.0189274 0.896882
1296 0.0157729 0.94964
1331 0.0126183 0.954436
1366 0.0126183 0.906475
1401 0.0157729 0.808153
1436 0.00946372 0.681055
1471 0 0.589928
1506 -0.0473186 0.529976
1541 -0.157729 0.47482
1576 -0.287066 0.489209
1611 -0.343849 0.546763
1646 -0.356467 0.568345
1681 -0.350158 0.57554
1716 -0.347003 0.580336
1751 -0.337539 0.589928
1786 -0.160883 0.53717
1821 0.11041 0.472422
1856 0.119874 0.484412
