-1.7016,-1.3768,0.31634
-1.5696,-1.2822,0.15894
-1.4377,-1.2254,-0.022666
-1.3058,-1.3863,-0.13163
-1.1738,-1.1497,-0.77332
-1.0419,-0.82809,-1.0034
-0.90994,-0.59158,-1.0397
-0.77799,-0.45913,-1.1244
-0.64605,-0.080708,-1.3303
-0.51411,0.4207,-1.2818
-0.38217,0.59099,-1.2939
-0.25023,0.77074,-1.2213
-0.11829,1.1586,-1.1123
0.013654,1.3951,-0.68857
0.1456,1.2438,-0.28903
0.27754,1.5465,0.11051
0.40948,1.3668,0.69166
0.54142,1.0735,0.94592
0.67336,0.88427,1.176
0.8053,0.60991,1.2123
0.93724,0.25041,1.2849
1.0692,-0.17531,1.3576
1.2011,-0.48751,1.2849
1.3331,-0.80917,1.297
1.465,-0.82809,1.297
1.597,-1.2822,0.67956
